指纹维号/点号	App 时间	A*A	A*B	MacA	RssA											
1	7.482	5041	0	00:01:7a:76:e4:43	-71											
2	7.482	5041	0	00:01:7a:76:e4:44	-71											
3	7.482	5625	0	06:69:6c:84:7a:1d	-75											
4	7.482	5929	0	0c:4b:54:3e:ac:3d	-77											
5	7.482	6561	0	0c:4b:54:3e:ac:3f	-81											
6	7.482	6084	0	0c:da:41:08:65:80	-78											
7	7.482	5329	0	0c:da:41:08:65:90	-73											
8	7.482	7056	0	70:f9:6d:bb:35:b0	-84											
9	7.482	5929	0	70:f9:6d:bb:35:e0	-77											
10	7.482	5929	0	70:f9:6d:bb:35:f0	-77											
11	7.482	6084	0	70:f9:6d:c0:aa:20	-78											
12	7.482	5476	0	70:f9:6d:c0:aa:30	-74											
13	7.482	6724	0	70:f9:6d:c0:b2:90	-82											
14	7.482	7396	0	70:f9:6d:c3:33:70	-86											
15	7.482	5776	0	88:25:93:21:06:e8	-76											
16	7.482	7744	0	92:a6:df:10:41:19	-88											
1	0	312.6083812056	0	16	7.482	10.099781312	-19.2395112813	0	0.000 	0.000 	0	12.5663706144	12.5663706144	0	1	0
1	13.402	6561	0	0c:da:41:08:65:80	-81											
2	13.402	5329	0	0c:da:41:08:65:90	-73											
3	13.402	5929	0	70:f9:6d:bb:35:e0	-77											
4	13.402	5929	0	70:f9:6d:bb:35:f0	-77											
5	13.402	7396	0	70:f9:6d:c0:aa:30	-86											
6	13.402	7744	0	92:a6:df:10:41:19	-88											
2	0	197.2004056791	0	6	13.402	10.0378755367	-24.7162129538	0	0.000 	0.000 	0	12.5663706144	12.5663706144	0	1	0
1	16.856	6561	0	0c:da:41:08:65:80	-81											
2	16.856	7396	0	0c:da:41:08:65:90	-86											
3	16.856	6400	0	70:f9:6d:bb:35:b0	-80											
4	16.856	5929	0	70:f9:6d:bb:35:e0	-77											
5	16.856	4900	0	70:f9:6d:bb:35:f0	-70											
6	16.856	7396	0	70:f9:6d:c0:aa:30	-86											
7	16.856	7744	0	92:a6:df:10:41:19	-88											
3	0	215.2347555577	0	7	16.856	9.9526076447	-28.2656076671	0	0.000 	0.000 	0	12.5663706144	12.5663706144	0	1	0
1	23.426	6561	0	00:01:7a:76:e4:43	-81											
2	23.426	5776	0	00:01:7a:76:e4:44	-76											
3	23.426	5476	0	06:69:6c:84:7a:1d	-74											
4	23.426	5625	0	0c:4b:54:3e:ac:3d	-75											
5	23.426	6561	0	0c:da:41:08:65:80	-81											
6	23.426	7396	0	0c:da:41:08:65:90	-86											
7	23.426	6400	0	70:f9:6d:bb:35:b0	-80											
8	23.426	5929	0	70:f9:6d:bb:35:e0	-77											
9	23.426	4624	0	70:f9:6d:bb:35:f0	-68											
10	23.426	5929	0	70:f9:6d:bb:36:80	-77											
11	23.426	7396	0	70:f9:6d:c0:aa:30	-86											
12	23.426	6400	0	92:a6:df:10:41:19	-80											
4	0	272.1635537687	0	12	23.426	9.818215818	-35.3797727447	0	0.000 	0.000 	0	12.5663706144	12.5663706144	0	1	0
1	29.34	6561	0	00:01:7a:76:e4:43	-81											
2	29.34	5776	0	00:01:7a:76:e4:44	-76											
3	29.34	5476	0	06:69:6c:84:7a:1d	-74											
4	29.34	5776	0	0c:4b:54:3e:ac:3d	-76											
5	29.34	7396	0	0c:da:41:08:65:90	-86											
6	29.34	5476	0	70:f9:6d:bb:35:a0	-74											
7	29.34	5929	0	70:f9:6d:bb:35:b0	-77											
8	29.34	3025	0	70:f9:6d:bb:35:e0	-55											
9	29.34	3600	0	70:f9:6d:bb:35:f0	-60											
10	29.34	5929	0	70:f9:6d:bb:36:80	-77											
11	29.34	5929	0	70:f9:6d:bb:36:90	-77											
12	29.34	7396	0	70:f9:6d:c0:aa:30	-86											
13	29.34	6084	0	70:f9:6d:c0:b2:90	-78											
14	29.34	5476	0	92:a6:df:10:41:19	-74											
15	29.34	7225	0	a8:0c:ca:81:06:ed	-85											
16	29.34	6724	0	a8:0c:ca:81:07:cd	-82											
5	0	306.2319382429	0	16	29.34	10.0257701031	-41.8711734485	0	0.000 	0.000 	0	12.5663706144	12.5663706144	0	1	0
1	36.156	6561	0	00:01:7a:76:e4:43	-81											
2	36.156	5776	0	00:01:7a:76:e4:44	-76											
3	36.156	5476	0	06:69:6c:84:7a:1d	-74											
4	36.156	5625	0	06:69:6c:84:7a:1e	-75											
5	36.156	5776	0	0c:4b:54:3e:ac:3d	-76											
6	36.156	7396	0	0c:da:41:08:65:90	-86											
7	36.156	4900	0	70:f9:6d:bb:35:a0	-70											
8	36.156	5929	0	70:f9:6d:bb:35:b0	-77											
9	36.156	1849	0	70:f9:6d:bb:35:e0	-43											
10	36.156	3025	0	70:f9:6d:bb:35:f0	-55											
11	36.156	5929	0	70:f9:6d:bb:36:80	-77											
12	36.156	5929	0	70:f9:6d:bb:36:90	-77											
13	36.156	7396	0	70:f9:6d:c0:aa:30	-86											
14	36.156	5929	0	70:f9:6d:c0:b2:80	-77											
15	36.156	6084	0	70:f9:6d:c0:b2:90	-78											
16	36.156	6400	0	70:f9:6d:c2:ea:c0	-80											
17	36.156	5184	0	70:f9:6d:c3:33:70	-72											
18	36.156	5041	0	92:a6:df:10:41:19	-71											
19	36.156	7225	0	a8:0c:ca:81:06:ed	-85											
20	36.156	6724	0	a8:0c:ca:81:07:cd	-82											
6	0	337.8668376743	0	20	36.156	10.0540549397	-49.904206005	0	0.000 	0.000 	0	12.5663706144	12.5663706144	0	1	0
1	43.895	7056	0	00:01:7a:76:e4:43	-84											
2	43.895	5776	0	00:01:7a:76:e4:44	-76											
3	43.895	5476	0	06:69:6c:84:7a:1d	-74											
4	43.895	5625	0	06:69:6c:84:7a:1e	-75											
5	43.895	5776	0	0c:4b:54:3e:ac:3d	-76											
6	43.895	5329	0	58:1f:28:a2:2a:ae	-73											
7	43.895	5476	0	70:f9:6d:bb:35:a0	-74											
8	43.895	5929	0	70:f9:6d:bb:35:b0	-77											
9	43.895	2916	0	70:f9:6d:bb:35:e0	-54											
10	43.895	3136	0	70:f9:6d:bb:35:f0	-56											
11	43.895	6561	0	70:f9:6d:bb:36:80	-81											
12	43.895	5929	0	70:f9:6d:bb:36:90	-77											
13	43.895	7396	0	70:f9:6d:c0:aa:30	-86											
14	43.895	5776	0	70:f9:6d:c0:b2:80	-76											
15	43.895	6084	0	70:f9:6d:c0:b2:90	-78											
16	43.895	6400	0	70:f9:6d:c2:ea:c0	-80											
17	43.895	5184	0	70:f9:6d:c3:33:70	-72											
18	43.895	5041	0	92:a6:df:10:41:19	-71											
19	43.895	7225	0	a8:0c:ca:81:06:ed	-85											
20	43.895	6724	0	a8:0c:ca:81:07:cd	-82											
7	0	338.843621749	0	20	43.895	10.099781265	-57.8002998935	0	0.000 	0.000 	0	12.5663706144	12.5663706144	0	1	0
1	49.974	7056	0	00:01:7a:76:e4:43	-84											
2	49.974	6889	0	00:01:7a:76:e4:52	-83											
3	49.974	5041	0	06:69:6c:84:7a:1d	-71											
4	49.974	5625	0	06:69:6c:84:7a:1e	-75											
5	49.974	6241	0	10:44:00:75:21:dc	-79											
6	49.974	5329	0	58:1f:28:a2:2a:ae	-73											
7	49.974	6889	0	70:f9:6d:bb:35:60	-83											
8	49.974	5476	0	70:f9:6d:bb:35:a0	-74											
9	49.974	3481	0	70:f9:6d:bb:35:e0	-59											
10	49.974	3364	0	70:f9:6d:bb:35:f0	-58											
11	49.974	6561	0	70:f9:6d:bb:36:80	-81											
12	49.974	5776	0	70:f9:6d:c0:b2:80	-76											
13	49.974	5929	0	70:f9:6d:c0:b2:90	-77											
14	49.974	6400	0	70:f9:6d:c2:ea:c0	-80											
15	49.974	5184	0	70:f9:6d:c3:33:70	-72											
16	49.974	7225	0	72:7a:55:e7:28:78	-85											
17	49.974	5041	0	92:a6:df:10:41:19	-71											
8	0	312.2611086895	0	17	49.974	7.1869277572	-57.9294549325	0	0.000 	0.000 	0	12.5663706144	12.5663706144	0	1	0
1	56.402	7056	0	00:01:7a:76:e4:43	-84											
2	56.402	6889	0	00:01:7a:76:e4:52	-83											
3	56.402	6400	0	00:01:7a:76:e4:53	-80											
4	56.402	5625	0	06:69:6c:84:7a:1d	-75											
5	56.402	5625	0	06:69:6c:84:7a:1e	-75											
6	56.402	6241	0	10:44:00:75:21:dc	-79											
7	56.402	5329	0	58:1f:28:a2:2a:ae	-73											
8	56.402	6889	0	70:f9:6d:bb:35:60	-83											
9	56.402	5625	0	70:f9:6d:bb:35:a0	-75											
10	56.402	4096	0	70:f9:6d:bb:35:e0	-64											
11	56.402	3136	0	70:f9:6d:bb:35:f0	-56											
12	56.402	6561	0	70:f9:6d:bb:36:80	-81											
13	56.402	4624	0	70:f9:6d:c0:b2:80	-68											
14	56.402	5929	0	70:f9:6d:c0:b2:90	-77											
15	56.402	6889	0	70:f9:6d:c2:ea:c0	-83											
16	56.402	5184	0	70:f9:6d:c3:33:70	-72											
17	56.402	7225	0	72:7a:55:e7:28:78	-85											
18	56.402	5041	0	92:a6:df:10:41:19	-71											
19	56.402	5625	0	dc:6d:cd:d0:94:cc	-75											
9	0	331.645895497	0	19	56.402	6.0325912888	-59.644690986	0	0.000 	0.000 	0	12.5663706144	12.5663706144	0	1	0
1	63.709	7056	0	00:01:7a:76:e4:43	-84											
2	63.709	6889	0	00:01:7a:76:e4:52	-83											
3	63.709	6400	0	00:01:7a:76:e4:53	-80											
4	63.709	5625	0	06:69:6c:84:7a:1d	-75											
5	63.709	6241	0	0c:4b:54:3e:ac:3f	-79											
6	63.709	6241	0	10:44:00:75:21:dc	-79											
7	63.709	5329	0	58:1f:28:a2:2a:ae	-73											
8	63.709	5184	0	70:f9:6d:bb:35:60	-72											
9	63.709	5041	0	70:f9:6d:bb:35:70	-71											
10	63.709	5625	0	70:f9:6d:bb:35:a0	-75											
11	63.709	4624	0	70:f9:6d:bb:35:e0	-68											
12	63.709	4096	0	70:f9:6d:bb:35:f0	-64											
13	63.709	6561	0	70:f9:6d:bb:36:80	-81											
14	63.709	3721	0	70:f9:6d:c0:b2:80	-61											
15	63.709	5625	0	70:f9:6d:c0:b2:90	-75											
16	63.709	6889	0	70:f9:6d:c2:ea:c0	-83											
17	63.709	7225	0	72:7a:55:e7:28:78	-85											
18	63.709	5625	0	dc:6d:cd:d0:94:cc	-75											
19	63.709	5476	0	f0:85:c1:5a:66:f5	-74											
10	0	330.867042783	0	19	63.709	5.9787467216	-65.845278597	0	0.000 	0.000 	0	12.5663706144	12.5663706144	0	1	0
1	69.939	7056	0	00:01:7a:76:e4:52	-84											
2	69.939	6400	0	00:01:7a:76:e4:53	-80											
3	69.939	5625	0	06:69:6c:84:7a:1d	-75											
4	69.939	5929	0	0c:4b:54:3e:ac:3f	-77											
5	69.939	5184	0	70:f9:6d:bb:35:60	-72											
6	69.939	4624	0	70:f9:6d:bb:35:70	-68											
7	69.939	5776	0	70:f9:6d:bb:35:a0	-76											
8	69.939	6241	0	70:f9:6d:bb:35:b0	-79											
9	69.939	4761	0	70:f9:6d:bb:35:e0	-69											
10	69.939	4225	0	70:f9:6d:bb:35:f0	-65											
11	69.939	3364	0	70:f9:6d:c0:b2:80	-58											
12	69.939	4624	0	70:f9:6d:c0:b2:90	-68											
13	69.939	6889	0	70:f9:6d:c2:ea:c0	-83											
14	69.939	5625	0	dc:6d:cd:d0:94:cc	-75											
15	69.939	5476	0	f0:85:c1:5a:66:f5	-74											
11	0	286.0052447072	0	15	69.939	9.4340413603	-65.8769451068	0	0.000 	0.000 	0	12.5663706144	12.5663706144	0	1	0
1	75.326	7056	0	00:01:7a:76:e4:52	-84											
2	75.326	6400	0	00:01:7a:76:e4:53	-80											
3	75.326	6724	0	00:01:7a:76:e4:54	-82											
4	75.326	5625	0	06:69:6c:84:7a:1d	-75											
5	75.326	5929	0	0c:4b:54:3e:ac:3f	-77											
6	75.326	5184	0	70:f9:6d:bb:35:60	-72											
7	75.326	4761	0	70:f9:6d:bb:35:70	-69											
8	75.326	5329	0	70:f9:6d:bb:35:a0	-73											
9	75.326	6241	0	70:f9:6d:bb:35:b0	-79											
10	75.326	5329	0	70:f9:6d:bb:35:e0	-73											
11	75.326	4900	0	70:f9:6d:bb:35:f0	-70											
12	75.326	2500	0	70:f9:6d:c0:b2:80	-50											
13	75.326	3136	0	70:f9:6d:c0:b2:90	-56											
14	75.326	6561	0	70:f9:6d:c2:ea:c0	-81											
15	75.326	6241	0	72:7a:55:e7:28:78	-79											
16	75.326	5625	0	dc:6d:cd:d0:94:cc	-75											
17	75.326	5476	0	f0:85:c1:5a:66:f5	-74											
12	0	304.9868849639	0	17	75.326	15.2425149647	-65.7852910523	0	0.000 	0.000 	0	12.5663706144	12.5663706144	0	1	0
1	80.915	7056	0	00:01:7a:76:e4:52	-84											
2	80.915	6724	0	00:01:7a:76:e4:54	-82											
3	80.915	5929	0	0c:4b:54:3e:ac:3f	-77											
4	80.915	5776	0	50:8f:4c:55:ca:68	-76											
5	80.915	4624	0	70:f9:6d:bb:35:60	-68											
6	80.915	4225	0	70:f9:6d:bb:35:70	-65											
7	80.915	5041	0	70:f9:6d:bb:35:a0	-71											
8	80.915	5625	0	70:f9:6d:bb:35:b0	-75											
9	80.915	5929	0	70:f9:6d:bb:35:e0	-77											
10	80.915	4356	0	70:f9:6d:bb:35:f0	-66											
11	80.915	7056	0	70:f9:6d:bb:36:80	-84											
12	80.915	2916	0	70:f9:6d:c0:b2:80	-54											
13	80.915	3025	0	70:f9:6d:c0:b2:90	-55											
14	80.915	6561	0	70:f9:6d:c2:ea:c0	-81											
15	80.915	6241	0	72:7a:55:e7:28:78	-79											
16	80.915	5476	0	f0:85:c1:5a:66:f5	-74											
13	0	294.2108087749	0	16	80.915	21.6974484436	-65.648210825	0	0.000 	0.000 	0	12.5663706144	12.5663706144	0	1	0
1	86.994	7056	0	00:01:7a:76:e4:52	-84											
2	86.994	6724	0	00:01:7a:76:e4:54	-82											
3	86.994	5929	0	0c:4b:54:3e:ac:3f	-77											
4	86.994	6400	0	50:8f:4c:55:ca:68	-80											
5	86.994	3844	0	70:f9:6d:bb:35:60	-62											
6	86.994	4225	0	70:f9:6d:bb:35:70	-65											
7	86.994	6241	0	70:f9:6d:bb:35:a0	-79											
8	86.994	6241	0	70:f9:6d:bb:35:b0	-79											
9	86.994	6561	0	70:f9:6d:bb:35:e0	-81											
10	86.994	4356	0	70:f9:6d:bb:35:f0	-66											
11	86.994	7056	0	70:f9:6d:bb:36:80	-84											
12	86.994	3844	0	70:f9:6d:c0:b2:80	-62											
13	86.994	3481	0	70:f9:6d:c0:b2:90	-59											
14	86.994	6561	0	70:f9:6d:c2:ea:c0	-81											
15	86.994	6241	0	72:7a:55:e7:28:78	-79											
16	86.994	7225	0	92:a6:df:10:41:19	-85											
17	86.994	7921	0	ce:2d:83:17:df:63	-89											
14	0	316.079104023	0	17	86.994	27.9845407053	-65.5122170366	0	0.000 	0.000 	0	12.5663706144	12.5663706144	0	1	0
1	92.87	6724	0	00:01:7a:76:e4:54	-82											
2	92.87	6400	0	50:8f:4c:55:ca:68	-80											
3	92.87	2500	0	70:f9:6d:bb:35:60	-50											
4	92.87	3025	0	70:f9:6d:bb:35:70	-55											
5	92.87	6241	0	70:f9:6d:bb:35:a0	-79											
6	92.87	6241	0	70:f9:6d:bb:35:b0	-79											
7	92.87	6724	0	70:f9:6d:bb:35:e0	-82											
8	92.87	5476	0	70:f9:6d:bb:35:f0	-74											
9	92.87	7056	0	70:f9:6d:bb:36:80	-84											
10	92.87	4761	0	70:f9:6d:c0:b2:80	-69											
11	92.87	4356	0	70:f9:6d:c0:b2:90	-66											
12	92.87	6561	0	70:f9:6d:c2:ea:c0	-81											
13	92.87	6241	0	72:7a:55:e7:28:78	-79											
14	92.87	7225	0	92:a6:df:10:41:19	-85											
15	92.87	7921	0	ce:2d:83:17:df:63	-89											
15	0	295.7228432164	0	15	92.87	34.3726810857	-65.4916428699	0	0.000 	0.000 	0	12.5663706144	12.5663706144	0	1	0
1	98.86	6400	0	50:8f:4c:55:ca:68	-80											
2	98.86	2809	0	70:f9:6d:bb:35:60	-53											
3	98.86	2916	0	70:f9:6d:bb:35:70	-54											
4	98.86	6241	0	70:f9:6d:bb:35:a0	-79											
5	98.86	6241	0	70:f9:6d:bb:35:b0	-79											
6	98.86	6724	0	70:f9:6d:bb:35:e0	-82											
7	98.86	6084	0	70:f9:6d:bb:35:f0	-78											
8	98.86	7056	0	70:f9:6d:bb:36:80	-84											
9	98.86	5041	0	70:f9:6d:c0:b2:80	-71											
10	98.86	4900	0	70:f9:6d:c0:b2:90	-70											
11	98.86	6241	0	72:7a:55:e7:28:78	-79											
12	98.86	7225	0	92:a6:df:10:41:19	-85											
13	98.86	7921	0	ce:2d:83:17:df:63	-89											
16	0	275.316181871	0	13	98.86	40.7033435912	-65.5727657197	0	0.000 	0.000 	0	12.5663706144	12.5663706144	0	1	0
1	104.894	7744	0	3a:71:de:2f:59:b5	-88											
2	104.894	6400	0	50:8f:4c:55:ca:68	-80											
3	104.894	3969	0	70:f9:6d:bb:35:60	-63											
4	104.894	2916	0	70:f9:6d:bb:35:70	-54											
5	104.894	6241	0	70:f9:6d:bb:35:a0	-79											
6	104.894	6241	0	70:f9:6d:bb:35:b0	-79											
7	104.894	6724	0	70:f9:6d:bb:35:e0	-82											
8	104.894	6400	0	70:f9:6d:bb:35:f0	-80											
9	104.894	5476	0	70:f9:6d:c0:b2:80	-74											
10	104.894	4900	0	70:f9:6d:c0:b2:90	-70											
11	104.894	6724	0	70:f9:6d:c2:ea:c0	-82											
12	104.894	7569	0	92:a6:df:10:41:19	-87											
13	104.894	7921	0	ce:2d:83:17:df:63	-89											
17	0	281.4693589008	0	13	104.894	47.2826862572	-65.701296821	0	0.000 	0.000 	0	12.5663706144	12.5663706144	0	1	0
1	110.886	7744	0	3a:71:de:2f:59:b5	-88											
2	110.886	7225	0	5c:dd:70:f8:8b:40	-85											
3	110.886	5041	0	70:f9:6d:bb:35:60	-71											
4	110.886	3721	0	70:f9:6d:bb:35:70	-61											
5	110.886	6724	0	70:f9:6d:bb:35:e0	-82											
6	110.886	6400	0	70:f9:6d:bb:35:f0	-80											
7	110.886	5476	0	70:f9:6d:c0:b2:80	-74											
8	110.886	4900	0	70:f9:6d:c0:b2:90	-70											
9	110.886	6561	0	70:f9:6d:c2:ea:c0	-81											
10	110.886	6241	0	70:f9:6d:c3:33:70	-79											
11	110.886	7569	0	92:a6:df:10:41:19	-87											
18	0	260.0038461254	0	11	110.886	54.0291566524	-65.6704886124	0	0.000 	0.000 	0	12.5663706144	12.5663706144	0	1	0
1	116.436	7056	0	06:69:6c:84:7a:1d	-84											
2	116.436	5476	0	0c:4b:54:3e:ac:3d	-74											
3	116.436	6400	0	0c:da:41:08:66:90	-80											
4	116.436	7744	0	3a:71:de:2f:59:b5	-88											
5	116.436	7225	0	5c:dd:70:f8:8b:40	-85											
6	116.436	6084	0	70:f9:6d:bb:35:60	-78											
7	116.436	3721	0	70:f9:6d:bb:35:70	-61											
8	116.436	6400	0	70:f9:6d:bb:35:f0	-80											
9	116.436	5476	0	70:f9:6d:c0:b2:80	-74											
10	116.436	4900	0	70:f9:6d:c0:b2:90	-70											
11	116.436	6561	0	70:f9:6d:c2:ea:c0	-81											
12	116.436	4900	0	70:f9:6d:c2:ea:d0	-70											
13	116.436	5625	0	70:f9:6d:c3:33:70	-75											
14	116.436	6084	0	92:a6:df:10:41:19	-78											
19	0	289.2265547974	0	14	116.436	60.3541089318	-65.6218751167	0	0.000 	0.000 	0	12.5663706144	12.5663706144	0	1	0
1	123.521	7056	0	06:69:6c:84:7a:1d	-84											
2	123.521	4900	0	0c:4b:54:3e:ac:3d	-70											
3	123.521	6400	0	0c:da:41:08:66:90	-80											
4	123.521	7744	0	3a:71:de:2f:59:b5	-88											
5	123.521	7225	0	5c:dd:70:f8:8b:40	-85											
6	123.521	6084	0	70:f9:6d:bb:35:60	-78											
7	123.521	5625	0	70:f9:6d:bb:35:70	-75											
8	123.521	5184	0	70:f9:6d:bb:35:b0	-72											
9	123.521	6400	0	70:f9:6d:bb:35:f0	-80											
10	123.521	6400	0	70:f9:6d:bb:36:90	-80											
11	123.521	5476	0	70:f9:6d:c0:b2:80	-74											
12	123.521	4900	0	70:f9:6d:c0:b2:90	-70											
13	123.521	4096	0	70:f9:6d:c2:ea:c0	-64											
14	123.521	4900	0	70:f9:6d:c2:ea:d0	-70											
15	123.521	5625	0	70:f9:6d:c3:33:70	-75											
16	123.521	5476	0	92:a6:df:10:41:19	-74											
17	123.521	5329	0	ce:2d:83:17:df:63	-73											
20	0	314.3564855383	0	17	123.521	67.9778295275	-65.8093524346	0	0.000 	0.000 	0	12.5663706144	12.5663706144	0	1	0
1	129.442	7056	0	06:69:6c:84:7a:1d	-84											
2	129.442	4761	0	0c:4b:54:3e:ac:3d	-69											
3	129.442	6400	0	0c:da:41:08:66:90	-80											
4	129.442	6084	0	70:f9:6d:bb:35:60	-78											
5	129.442	5625	0	70:f9:6d:bb:35:70	-75											
6	129.442	5184	0	70:f9:6d:bb:35:b0	-72											
7	129.442	6724	0	70:f9:6d:bb:36:80	-82											
8	129.442	6400	0	70:f9:6d:bb:36:90	-80											
9	129.442	4096	0	70:f9:6d:c2:ea:c0	-64											
10	129.442	4900	0	70:f9:6d:c2:ea:d0	-70											
11	129.442	5625	0	70:f9:6d:c3:13:e0	-75											
12	129.442	5625	0	70:f9:6d:c3:33:70	-75											
13	129.442	5476	0	92:a6:df:10:41:19	-74											
14	129.442	5776	0	ce:2d:83:17:df:63	-76											
21	0	282.3685534899	0	14	129.442	74.5094128748	-65.8881960165	0	0.000 	0.000 	0	12.5663706144	12.5663706144	0	1	0
1	134.923	5476	0	06:69:6c:84:7a:1d	-74											
2	134.923	7056	0	06:69:6c:84:7a:1e	-84											
3	134.923	5184	0	0c:4b:54:3e:ac:3d	-72											
4	134.923	5329	0	0c:4b:54:3e:ac:3f	-73											
5	134.923	5041	0	0c:da:41:08:66:80	-71											
6	134.923	6400	0	0c:da:41:08:66:90	-80											
7	134.923	6241	0	48:7d:2e:3c:4b:16	-79											
8	134.923	7396	0	48:7d:2e:3c:4e:9d	-86											
9	134.923	6084	0	70:f9:6d:bb:35:60	-78											
10	134.923	5625	0	70:f9:6d:bb:35:70	-75											
11	134.923	6400	0	70:f9:6d:bb:35:a0	-80											
12	134.923	5184	0	70:f9:6d:bb:35:b0	-72											
13	134.923	6724	0	70:f9:6d:bb:35:e0	-82											
14	134.923	6724	0	70:f9:6d:bb:36:80	-82											
15	134.923	6400	0	70:f9:6d:bb:36:90	-80											
16	134.923	6724	0	70:f9:6d:c0:af:50	-82											
17	134.923	5929	0	70:f9:6d:c0:b2:20	-77											
18	134.923	6241	0	70:f9:6d:c0:b2:30	-79											
19	134.923	6400	0	70:f9:6d:c1:35:a0	-80											
20	134.923	4356	0	70:f9:6d:c2:ea:c0	-66											
21	134.923	4900	0	70:f9:6d:c2:ea:d0	-70											
22	134.923	5625	0	70:f9:6d:c3:13:e0	-75											
23	134.923	5625	0	70:f9:6d:c3:33:70	-75											
24	134.923	5184	0	92:a6:df:10:41:19	-72											
25	134.923	5625	0	ce:2d:83:17:df:63	-75											
26	134.923	7569	0	dc:6d:cd:d0:94:cc	-87											
22	0	394.26133465	0	26	134.923	80.8466289334	-65.8298629464	0	0.000 	0.000 	0	12.5663706144	12.5663706144	0	1	0
1	151.737	5476	0	06:69:6c:84:7a:1d	-74											
2	151.737	7056	0	06:69:6c:84:7a:1e	-84											
3	151.737	5329	0	0c:4b:54:3e:ac:3d	-73											
4	151.737	5329	0	0c:4b:54:3e:ac:3f	-73											
5	151.737	3600	0	0c:da:41:08:66:80	-60											
6	151.737	4356	0	0c:da:41:08:66:90	-66											
7	151.737	7225	0	0c:da:41:08:85:50	-85											
8	151.737	6241	0	48:7d:2e:3c:4b:16	-79											
9	151.737	7396	0	48:7d:2e:3c:4e:9d	-86											
10	151.737	6084	0	70:f9:6d:bb:35:60	-78											
11	151.737	5625	0	70:f9:6d:bb:35:70	-75											
12	151.737	6400	0	70:f9:6d:bb:35:a0	-80											
13	151.737	5184	0	70:f9:6d:bb:35:b0	-72											
14	151.737	6400	0	70:f9:6d:bb:35:e0	-80											
15	151.737	6724	0	70:f9:6d:bb:36:80	-82											
16	151.737	6400	0	70:f9:6d:bb:36:90	-80											
17	151.737	5929	0	70:f9:6d:c0:af:40	-77											
18	151.737	6400	0	70:f9:6d:c0:af:50	-80											
19	151.737	5929	0	70:f9:6d:c0:b2:20	-77											
20	151.737	7056	0	70:f9:6d:c0:b2:30	-84											
21	151.737	6400	0	70:f9:6d:c1:35:a0	-80											
22	151.737	6241	0	70:f9:6d:c2:ea:c0	-79											
23	151.737	4900	0	70:f9:6d:c2:ea:d0	-70											
24	151.737	5929	0	70:f9:6d:c3:13:e0	-77											
25	151.737	4900	0	70:f9:6d:c3:33:70	-70											
26	151.737	5184	0	92:a6:df:10:41:19	-72											
27	151.737	4761	0	ce:2d:83:17:df:63	-69											
28	151.737	7569	0	dc:6d:cd:d0:94:cc	-87											
23	0	407.4592004115	0	28	151.737	86.142524029	-58.0664657535	0	0.000 	0.000 	0	12.5663706144	12.5663706144	0	1	0
1	156.889	6889	0	00:01:7a:76:e4:52	-83											
2	156.889	5329	0	0c:4b:54:3e:ac:3d	-73											
3	156.889	3136	0	0c:da:41:08:66:80	-56											
4	156.889	3600	0	0c:da:41:08:66:90	-60											
5	156.889	6084	0	0c:da:41:08:85:50	-78											
6	156.889	6561	0	70:f9:6d:bb:35:a0	-81											
7	156.889	6400	0	70:f9:6d:bb:35:e0	-80											
8	156.889	6241	0	70:f9:6d:c0:af:40	-79											
9	156.889	6400	0	70:f9:6d:c0:af:50	-80											
10	156.889	7056	0	70:f9:6d:c0:b2:30	-84											
11	156.889	6084	0	70:f9:6d:c1:35:d0	-78											
12	156.889	5776	0	70:f9:6d:c2:ea:c0	-76											
13	156.889	5329	0	70:f9:6d:c3:13:e0	-73											
14	156.889	4900	0	70:f9:6d:c3:33:70	-70											
15	156.889	4761	0	ce:2d:83:17:df:63	-69											
24	0	290.7679487151	0	15	156.889	83.0336027976	-58.0361286788	0	0.000 	0.000 	0	12.5663706144	12.5663706144	0	1	0
1	162.831	6889	0	00:01:7a:76:e4:52	-83											
2	162.831	6724	0	00:01:7a:76:e4:53	-82											
3	162.831	5329	0	0c:4b:54:3e:ac:3d	-73											
4	162.831	4356	0	0c:da:41:08:66:80	-66											
5	162.831	3600	0	0c:da:41:08:66:90	-60											
6	162.831	6084	0	0c:da:41:08:85:50	-78											
7	162.831	6400	0	5c:dd:70:f8:8b:40	-80											
8	162.831	5776	0	70:f9:6d:bb:35:a0	-76											
9	162.831	6084	0	70:f9:6d:bb:35:e0	-78											
10	162.831	6241	0	70:f9:6d:c0:af:40	-79											
11	162.831	6400	0	70:f9:6d:c0:af:50	-80											
12	162.831	7056	0	70:f9:6d:c0:b2:30	-84											
13	162.831	6084	0	70:f9:6d:c1:35:d0	-78											
14	162.831	3969	0	70:f9:6d:c2:ea:c0	-63											
15	162.831	5625	0	70:f9:6d:c2:ea:d0	-75											
16	162.831	5184	0	70:f9:6d:c3:13:e0	-72											
17	162.831	3844	0	70:f9:6d:c3:33:70	-62											
18	162.831	5625	0	92:a6:df:10:41:19	-75											
19	162.831	6889	0	a8:0c:ca:81:07:1a	-83											
20	162.831	6889	0	a8:0c:ca:81:07:cd	-83											
21	162.831	5625	0	ce:2d:83:17:df:63	-75											
25	0	347.3801951753	0	21	162.831	77.5124330899	-58.0896765771	0	0.000 	0.000 	0	12.5663706144	12.5663706144	0	1	0
1	168.896	6889	0	00:01:7a:76:e4:52	-83											
2	168.896	6561	0	00:01:7a:76:e4:53	-81											
3	168.896	6889	0	00:01:7a:76:e4:54	-83											
4	168.896	5329	0	0c:4b:54:3e:ac:3d	-73											
5	168.896	4624	0	0c:da:41:08:66:80	-68											
6	168.896	4096	0	0c:da:41:08:66:90	-64											
7	168.896	6084	0	0c:da:41:08:85:50	-78											
8	168.896	5929	0	48:7d:2e:3c:4b:16	-77											
9	168.896	7569	0	48:7d:2e:50:99:cb	-87											
10	168.896	6400	0	5c:dd:70:f8:8b:40	-80											
11	168.896	6561	0	70:f9:6d:ba:88:40	-81											
12	168.896	5476	0	70:f9:6d:bb:35:a0	-74											
13	168.896	5476	0	70:f9:6d:bb:35:e0	-74											
14	168.896	6241	0	70:f9:6d:bb:36:90	-79											
15	168.896	6724	0	70:f9:6d:c0:af:40	-82											
16	168.896	6400	0	70:f9:6d:c0:af:50	-80											
17	168.896	5776	0	70:f9:6d:c0:b2:20	-76											
18	168.896	7056	0	70:f9:6d:c0:b2:30	-84											
19	168.896	6084	0	70:f9:6d:c1:35:d0	-78											
20	168.896	6561	0	70:f9:6d:c1:90:40	-81											
21	168.896	3364	0	70:f9:6d:c2:ea:c0	-58											
22	168.896	5625	0	70:f9:6d:c2:ea:d0	-75											
23	168.896	5476	0	70:f9:6d:c3:13:e0	-74											
24	168.896	3481	0	70:f9:6d:c3:33:70	-59											
25	168.896	4489	0	92:a6:df:10:41:19	-67											
26	168.896	7056	0	a8:0c:ca:81:07:1a	-84											
27	168.896	6889	0	a8:0c:ca:81:07:cd	-83											
28	168.896	5329	0	ce:2d:83:17:df:63	-73											
26	0	405.5046238947	0	28	168.896	75.7339931271	-56.2766896156	0	0.000 	0.000 	0	12.5663706144	12.5663706144	0	1	0
1	174.885	6561	0	00:01:7a:76:e4:52	-81											
2	174.885	6561	0	00:01:7a:76:e4:53	-81											
3	174.885	6889	0	00:01:7a:76:e4:54	-83											
4	174.885	4624	0	0c:da:41:08:66:80	-68											
5	174.885	4356	0	0c:da:41:08:66:90	-66											
6	174.885	6561	0	0c:da:41:08:85:50	-81											
7	174.885	5929	0	48:7d:2e:3c:4b:16	-77											
8	174.885	7569	0	48:7d:2e:50:99:cb	-87											
9	174.885	6400	0	5c:dd:70:f8:8b:40	-80											
10	174.885	6561	0	70:f9:6d:ba:88:40	-81											
11	174.885	5776	0	70:f9:6d:bb:35:a0	-76											
12	174.885	5184	0	70:f9:6d:bb:35:e0	-72											
13	174.885	6400	0	70:f9:6d:bb:36:80	-80											
14	174.885	6241	0	70:f9:6d:bb:36:90	-79											
15	174.885	6724	0	70:f9:6d:c0:af:40	-82											
16	174.885	5776	0	70:f9:6d:c0:b2:20	-76											
17	174.885	6084	0	70:f9:6d:c1:35:d0	-78											
18	174.885	6561	0	70:f9:6d:c1:90:40	-81											
19	174.885	3249	0	70:f9:6d:c2:ea:c0	-57											
20	174.885	5184	0	70:f9:6d:c2:ea:d0	-72											
21	174.885	5476	0	70:f9:6d:c3:13:e0	-74											
22	174.885	5929	0	70:f9:6d:c3:13:f0	-77											
23	174.885	3481	0	70:f9:6d:c3:33:70	-59											
24	174.885	6889	0	72:7a:55:e7:28:78	-83											
25	174.885	4489	0	92:a6:df:10:41:19	-67											
26	174.885	7056	0	a8:0c:ca:81:07:1a	-84											
27	174.885	6889	0	a8:0c:ca:81:07:cd	-83											
28	174.885	5329	0	ce:2d:83:17:df:63	-73											
27	0	405.8669732807	0	28	174.885	75.7913439476	-49.6714035869	0	0.000 	0.000 	0	12.5663706144	12.5663706144	0	1	0
1	180.834	6400	0	00:01:7a:76:e4:44	-80											
2	180.834	6561	0	00:01:7a:76:e4:52	-81											
3	180.834	6561	0	00:01:7a:76:e4:53	-81											
4	180.834	6889	0	00:01:7a:76:e4:54	-83											
5	180.834	4624	0	06:69:6c:84:7a:1d	-68											
6	180.834	5776	0	06:69:6c:84:7a:1e	-76											
7	180.834	4096	0	0c:4b:54:3e:ac:3f	-64											
8	180.834	4624	0	0c:da:41:08:66:80	-68											
9	180.834	3844	0	0c:da:41:08:66:90	-62											
10	180.834	6561	0	0c:da:41:08:85:50	-81											
11	180.834	4225	0	24:df:6a:81:a8:c9	-65											
12	180.834	5929	0	48:7d:2e:3c:4b:16	-77											
13	180.834	7569	0	48:7d:2e:50:99:cb	-87											
14	180.834	6400	0	5c:dd:70:f8:8b:40	-80											
15	180.834	6241	0	70:f9:6d:ba:88:40	-79											
16	180.834	5776	0	70:f9:6d:bb:35:a0	-76											
17	180.834	5184	0	70:f9:6d:bb:35:e0	-72											
18	180.834	6400	0	70:f9:6d:bb:36:80	-80											
19	180.834	6241	0	70:f9:6d:bb:36:90	-79											
20	180.834	6724	0	70:f9:6d:c0:af:40	-82											
21	180.834	5476	0	70:f9:6d:c0:af:50	-74											
22	180.834	5776	0	70:f9:6d:c0:b2:20	-76											
23	180.834	6561	0	70:f9:6d:c1:90:40	-81											
24	180.834	3249	0	70:f9:6d:c2:ea:c0	-57											
25	180.834	4225	0	70:f9:6d:c2:ea:d0	-65											
26	180.834	5041	0	70:f9:6d:c3:13:e0	-71											
27	180.834	3721	0	70:f9:6d:c3:13:f0	-61											
28	180.834	3025	0	70:f9:6d:c3:33:70	-55											
29	180.834	6889	0	72:7a:55:e7:28:78	-83											
30	180.834	3969	0	92:a6:df:10:41:19	-63											
31	180.834	7056	0	a8:0c:ca:81:07:1a	-84											
32	180.834	6889	0	a8:0c:ca:81:07:cd	-83											
33	180.834	7225	0	ce:2d:83:17:df:63	-85											
28	0	430.9605550396	0	33	180.834	75.71897436	-43.2617708069	0	0.000 	0.000 	0	12.5663706144	12.5663706144	0	1	0
1	186.995	6400	0	00:01:7a:76:e4:44	-80											
2	186.995	7056	0	00:01:7a:76:e4:52	-84											
3	186.995	6561	0	00:01:7a:76:e4:53	-81											
4	186.995	6889	0	00:01:7a:76:e4:54	-83											
5	186.995	4624	0	06:69:6c:84:7a:1d	-68											
6	186.995	6084	0	06:69:6c:84:7a:1e	-78											
7	186.995	4096	0	0c:4b:54:3e:ac:3f	-64											
8	186.995	5184	0	0c:da:41:08:66:80	-72											
9	186.995	4624	0	0c:da:41:08:66:90	-68											
10	186.995	6561	0	0c:da:41:08:85:50	-81											
11	186.995	4225	0	24:df:6a:81:a8:c9	-65											
12	186.995	5929	0	48:7d:2e:3c:4b:16	-77											
13	186.995	7569	0	48:7d:2e:50:99:cb	-87											
14	186.995	6400	0	5c:dd:70:f8:8b:40	-80											
15	186.995	6241	0	70:f9:6d:ba:88:40	-79											
16	186.995	6561	0	70:f9:6d:bb:35:a0	-81											
17	186.995	5184	0	70:f9:6d:bb:35:e0	-72											
18	186.995	6400	0	70:f9:6d:bb:36:80	-80											
19	186.995	6241	0	70:f9:6d:bb:36:90	-79											
20	186.995	4761	0	70:f9:6d:c0:af:40	-69											
21	186.995	4489	0	70:f9:6d:c0:af:50	-67											
22	186.995	4225	0	70:f9:6d:c0:b2:20	-65											
23	186.995	6561	0	70:f9:6d:c1:90:40	-81											
24	186.995	5329	0	70:f9:6d:c2:ea:c0	-73											
25	186.995	4225	0	70:f9:6d:c2:ea:d0	-65											
26	186.995	4489	0	70:f9:6d:c3:13:e0	-67											
27	186.995	3721	0	70:f9:6d:c3:13:f0	-61											
28	186.995	3025	0	70:f9:6d:c3:33:70	-55											
29	186.995	6889	0	72:7a:55:e7:28:78	-83											
30	186.995	4356	0	92:a6:df:10:41:19	-66											
31	186.995	7056	0	a8:0c:ca:81:07:1a	-84											
32	186.995	7225	0	ce:2d:83:17:df:63	-85											
29	0	423.2965863316	0	32	186.995	75.4626010227	-36.2939561849	0	0.000 	0.000 	0	12.5663706144	12.5663706144	0	1	0
1	192.907	6400	0	00:01:7a:76:e4:44	-80											
2	192.907	7056	0	00:01:7a:76:e4:52	-84											
3	192.907	5476	0	06:69:6c:84:7a:1d	-74											
4	192.907	6084	0	06:69:6c:84:7a:1e	-78											
5	192.907	5184	0	0c:4b:54:3e:ac:3f	-72											
6	192.907	5776	0	0c:da:41:08:66:80	-76											
7	192.907	4624	0	0c:da:41:08:66:90	-68											
8	192.907	6561	0	0c:da:41:08:85:50	-81											
9	192.907	4225	0	24:df:6a:81:a8:c9	-65											
10	192.907	7569	0	48:7d:2e:50:99:cb	-87											
11	192.907	6241	0	70:f9:6d:ba:88:40	-79											
12	192.907	6561	0	70:f9:6d:bb:35:a0	-81											
13	192.907	5184	0	70:f9:6d:bb:35:e0	-72											
14	192.907	6400	0	70:f9:6d:bb:36:80	-80											
15	192.907	4761	0	70:f9:6d:c0:af:40	-69											
16	192.907	4624	0	70:f9:6d:c0:af:50	-68											
17	192.907	3249	0	70:f9:6d:c0:b2:20	-57											
18	192.907	6561	0	70:f9:6d:c1:99:60	-81											
19	192.907	7225	0	70:f9:6d:c1:9a:10	-85											
20	192.907	5329	0	70:f9:6d:c2:ea:c0	-73											
21	192.907	4225	0	70:f9:6d:c2:ea:d0	-65											
22	192.907	4489	0	70:f9:6d:c3:13:e0	-67											
23	192.907	3721	0	70:f9:6d:c3:13:f0	-61											
24	192.907	3481	0	70:f9:6d:c3:33:70	-59											
25	192.907	6889	0	72:7a:55:e7:28:78	-83											
26	192.907	5184	0	92:a6:df:10:41:19	-72											
27	192.907	7225	0	ce:2d:83:17:df:63	-85											
30	0	387.6905982868	0	27	192.907	75.5567202011	-29.5322318186	0	0.000 	0.000 	0	12.5663706144	12.5663706144	0	1	0
1	198.875	6400	0	00:01:7a:76:e4:44	-80											
2	198.875	7056	0	00:01:7a:76:e4:52	-84											
3	198.875	5476	0	06:69:6c:84:7a:1d	-74											
4	198.875	7396	0	06:69:6c:84:7a:1e	-86											
5	198.875	6561	0	0c:4b:54:3e:ac:3f	-81											
6	198.875	6561	0	0c:da:41:08:66:80	-81											
7	198.875	4624	0	0c:da:41:08:66:90	-68											
8	198.875	4225	0	24:df:6a:81:a8:c9	-65											
9	198.875	6241	0	70:f9:6d:ba:88:40	-79											
10	198.875	5041	0	70:f9:6d:bb:35:40	-71											
11	198.875	4624	0	70:f9:6d:bb:35:50	-68											
12	198.875	6561	0	70:f9:6d:bb:35:a0	-81											
13	198.875	6724	0	70:f9:6d:bb:35:f0	-82											
14	198.875	4761	0	70:f9:6d:c0:af:40	-69											
15	198.875	4489	0	70:f9:6d:c0:af:50	-67											
16	198.875	4225	0	70:f9:6d:c0:b2:20	-65											
17	198.875	5476	0	70:f9:6d:c0:b2:30	-74											
18	198.875	6561	0	70:f9:6d:c1:99:60	-81											
19	198.875	7225	0	70:f9:6d:c1:9a:10	-85											
20	198.875	5329	0	70:f9:6d:c2:ea:c0	-73											
21	198.875	4225	0	70:f9:6d:c2:ea:d0	-65											
22	198.875	6084	0	70:f9:6d:c3:13:e0	-78											
23	198.875	5184	0	70:f9:6d:c3:13:f0	-72											
24	198.875	3600	0	70:f9:6d:c3:33:70	-60											
25	198.875	6241	0	92:a6:df:10:41:19	-79											
26	198.875	7225	0	ce:2d:83:17:df:63	-85											
31	0	384.8571163432	0	26	198.875	75.5241352149	-22.9995109624	0	0.000 	0.000 	0	12.5663706144	12.5663706144	0	1	0
1	204.608	7056	0	00:01:7a:76:e4:52	-84											
2	204.608	5476	0	06:69:6c:84:7a:1d	-74											
3	204.608	7396	0	06:69:6c:84:7a:1e	-86											
4	204.608	6724	0	0c:4b:54:3e:ac:3f	-82											
5	204.608	6724	0	0c:da:41:08:66:80	-82											
6	204.608	4624	0	0c:da:41:08:66:90	-68											
7	204.608	7396	0	48:7d:2e:3c:4b:16	-86											
8	204.608	4761	0	70:f9:6d:bb:35:40	-69											
9	204.608	4900	0	70:f9:6d:bb:35:50	-70											
10	204.608	6561	0	70:f9:6d:bb:35:a0	-81											
11	204.608	6724	0	70:f9:6d:bb:35:f0	-82											
12	204.608	4761	0	70:f9:6d:c0:af:40	-69											
13	204.608	4489	0	70:f9:6d:c0:af:50	-67											
14	204.608	5329	0	70:f9:6d:c0:b2:20	-73											
15	204.608	5476	0	70:f9:6d:c0:b2:30	-74											
16	204.608	6561	0	70:f9:6d:c1:99:60	-81											
17	204.608	5929	0	70:f9:6d:c1:9a:10	-77											
18	204.608	5329	0	70:f9:6d:c2:ea:c0	-73											
19	204.608	6400	0	70:f9:6d:c3:13:e0	-80											
20	204.608	5184	0	70:f9:6d:c3:13:f0	-72											
21	204.608	3600	0	70:f9:6d:c3:33:70	-60											
22	204.608	6241	0	92:a6:df:10:41:19	-79											
32	0	357.2688063629	0	22	204.608	75.7606502731	-18.3502985204	0	0.000 	0.000 	0	12.5663706144	12.5663706144	0	1	0
1	210.843	5476	0	06:69:6c:84:7a:1d	-74											
2	210.843	7396	0	06:69:6c:84:7a:1e	-86											
3	210.843	6561	0	0c:4b:54:3e:ac:3f	-81											
4	210.843	6889	0	0c:da:41:08:66:80	-83											
5	210.843	4624	0	0c:da:41:08:66:90	-68											
6	210.843	7056	0	48:7d:2e:3c:4b:16	-84											
7	210.843	5329	0	70:f9:6d:bb:35:40	-73											
8	210.843	4225	0	70:f9:6d:bb:35:50	-65											
9	210.843	6724	0	70:f9:6d:bb:35:a0	-82											
10	210.843	6724	0	70:f9:6d:bb:35:f0	-82											
11	210.843	4489	0	70:f9:6d:c0:af:50	-67											
12	210.843	4356	0	70:f9:6d:c0:b2:20	-66											
13	210.843	4624	0	70:f9:6d:c0:b2:30	-68											
14	210.843	6561	0	70:f9:6d:c1:99:60	-81											
15	210.843	5929	0	70:f9:6d:c1:9a:10	-77											
16	210.843	6400	0	70:f9:6d:c3:13:e0	-80											
17	210.843	5184	0	70:f9:6d:c3:13:f0	-72											
18	210.843	3600	0	70:f9:6d:c3:33:70	-60											
19	210.843	6561	0	92:a6:df:10:41:19	-81											
33	0	329.7089625715	0	19	210.843	75.5967329989	-21.4447124398	0	0.000 	0.000 	0	12.5663706144	12.5663706144	0	1	0
1	216.793	7056	0	06:69:6c:84:7a:1e	-84											
2	216.793	5929	0	0c:4b:54:3e:ac:3f	-77											
3	216.793	6084	0	0c:da:41:08:66:80	-78											
4	216.793	7056	0	48:7d:2e:3c:4b:16	-84											
5	216.793	5329	0	70:f9:6d:bb:35:40	-73											
6	216.793	4624	0	70:f9:6d:bb:35:50	-68											
7	216.793	6084	0	70:f9:6d:bb:35:a0	-78											
8	216.793	6724	0	70:f9:6d:bb:35:f0	-82											
9	216.793	5929	0	70:f9:6d:c0:af:40	-77											
10	216.793	6561	0	70:f9:6d:c0:af:50	-81											
11	216.793	3364	0	70:f9:6d:c0:b2:20	-58											
12	216.793	4624	0	70:f9:6d:c0:b2:30	-68											
13	216.793	5476	0	70:f9:6d:c1:9a:10	-74											
14	216.793	6400	0	70:f9:6d:c2:ea:c0	-80											
15	216.793	4624	0	70:f9:6d:c3:13:e0	-68											
16	216.793	5184	0	70:f9:6d:c3:13:f0	-72											
17	216.793	3600	0	70:f9:6d:c3:33:70	-60											
18	216.793	6561	0	92:a6:df:10:41:19	-81											
34	0	318.1336197261	0	18	216.793	75.6992600935	-28.3125826149	0	0.000 	0.000 	0	12.5663706144	12.5663706144	0	1	0
1	222.771	5929	0	06:69:6c:84:7a:1d	-77											
2	222.771	6561	0	06:69:6c:84:7a:1e	-81											
3	222.771	4761	0	0c:4b:54:3e:ac:3f	-69											
4	222.771	6084	0	0c:da:41:08:66:80	-78											
5	222.771	4761	0	0c:da:41:08:66:90	-69											
6	222.771	7056	0	48:7d:2e:3c:4b:16	-84											
7	222.771	7225	0	70:f9:6d:ba:88:40	-85											
8	222.771	5329	0	70:f9:6d:bb:35:40	-73											
9	222.771	5776	0	70:f9:6d:bb:35:50	-76											
10	222.771	6084	0	70:f9:6d:bb:35:a0	-78											
11	222.771	5184	0	70:f9:6d:bb:35:e0	-72											
12	222.771	4900	0	70:f9:6d:c0:af:40	-70											
13	222.771	6561	0	70:f9:6d:c0:af:50	-81											
14	222.771	3721	0	70:f9:6d:c0:b2:20	-61											
15	222.771	3481	0	70:f9:6d:c0:b2:30	-59											
16	222.771	5476	0	70:f9:6d:c1:9a:10	-74											
17	222.771	6400	0	70:f9:6d:c2:ea:c0	-80											
18	222.771	4489	0	70:f9:6d:c3:13:e0	-67											
19	222.771	5929	0	92:a6:df:10:41:19	-77											
35	0	325.1261293714	0	19	222.771	75.7604999398	-32.7488444377	0	0.000 	0.000 	0	12.5663706144	12.5663706144	0	1	0
1	228.821	5329	0	06:69:6c:84:7a:1d	-73											
2	228.821	6241	0	06:69:6c:84:7a:1e	-79											
3	228.821	4761	0	0c:4b:54:3e:ac:3f	-69											
4	228.821	5476	0	0c:da:41:08:66:80	-74											
5	228.821	4761	0	0c:da:41:08:66:90	-69											
6	228.821	7056	0	48:7d:2e:3c:4b:16	-84											
7	228.821	7225	0	70:f9:6d:ba:88:40	-85											
8	228.821	5329	0	70:f9:6d:bb:35:40	-73											
9	228.821	5776	0	70:f9:6d:bb:35:50	-76											
10	228.821	6084	0	70:f9:6d:bb:35:a0	-78											
11	228.821	5184	0	70:f9:6d:bb:35:e0	-72											
12	228.821	4900	0	70:f9:6d:c0:af:40	-70											
13	228.821	5184	0	70:f9:6d:c0:af:50	-72											
14	228.821	3721	0	70:f9:6d:c0:b2:20	-61											
15	228.821	3481	0	70:f9:6d:c0:b2:30	-59											
16	228.821	5476	0	70:f9:6d:c1:9a:10	-74											
17	228.821	6400	0	70:f9:6d:c2:ea:c0	-80											
18	228.821	4489	0	70:f9:6d:c3:13:e0	-67											
19	228.821	5929	0	92:a6:df:10:41:19	-77											
36	0	320.6275097368	0	19	228.821	70.5708186867	-32.796750347	0	0.000 	0.000 	0	12.5663706144	12.5663706144	0	1	0
1	234.81	7056	0	00:01:7a:76:e4:54	-84											
2	234.81	6889	0	06:69:6c:84:7a:1d	-83											
3	234.81	6241	0	06:69:6c:84:7a:1e	-79											
4	234.81	4761	0	0c:4b:54:3e:ac:3f	-69											
5	234.81	5476	0	0c:da:41:08:66:80	-74											
6	234.81	4761	0	0c:da:41:08:66:90	-69											
7	234.81	7225	0	70:f9:6d:ba:88:40	-85											
8	234.81	5776	0	70:f9:6d:bb:35:50	-76											
9	234.81	6084	0	70:f9:6d:bb:35:a0	-78											
10	234.81	5184	0	70:f9:6d:bb:35:e0	-72											
11	234.81	4900	0	70:f9:6d:c0:af:40	-70											
12	234.81	5184	0	70:f9:6d:c0:af:50	-72											
13	234.81	4489	0	70:f9:6d:c0:b2:20	-67											
14	234.81	3481	0	70:f9:6d:c0:b2:30	-59											
15	234.81	5476	0	70:f9:6d:c1:9a:10	-74											
16	234.81	6400	0	70:f9:6d:c2:ea:c0	-80											
17	234.81	5776	0	70:f9:6d:c2:ea:d0	-76											
18	234.81	5625	0	70:f9:6d:c3:13:e0	-75											
19	234.81	4761	0	70:f9:6d:c3:33:70	-69											
20	234.81	4900	0	7e:6b:9c:fc:56:4a	-70											
21	234.81	5776	0	92:a6:df:10:41:19	-76											
37	0	340.9120121087	0	21	234.81	63.4696153457	-32.7340419151	0	0.000 	0.000 	0	12.5663706144	12.5663706144	0	1	0
1	240.845	6241	0	00:01:7a:76:e4:54	-79											
2	240.845	6889	0	06:69:6c:84:7a:1d	-83											
3	240.845	5776	0	06:69:6c:84:7a:1e	-76											
4	240.845	4761	0	0c:4b:54:3e:ac:3f	-69											
5	240.845	6084	0	0c:da:41:08:66:80	-78											
6	240.845	4761	0	0c:da:41:08:66:90	-69											
7	240.845	6241	0	5c:dd:70:f8:8b:40	-79											
8	240.845	7225	0	70:f9:6d:ba:88:40	-85											
9	240.845	5776	0	70:f9:6d:bb:35:50	-76											
10	240.845	5929	0	70:f9:6d:bb:35:a0	-77											
11	240.845	5929	0	70:f9:6d:bb:35:e0	-77											
12	240.845	6241	0	70:f9:6d:c0:af:40	-79											
13	240.845	5184	0	70:f9:6d:c0:af:50	-72											
14	240.845	4761	0	70:f9:6d:c0:b2:20	-69											
15	240.845	4489	0	70:f9:6d:c0:b2:30	-67											
16	240.845	5776	0	70:f9:6d:c2:ea:d0	-76											
17	240.845	5625	0	70:f9:6d:c3:13:e0	-75											
18	240.845	4225	0	70:f9:6d:c3:33:70	-65											
19	240.845	4900	0	7e:6b:9c:fc:56:4a	-70											
20	240.845	6084	0	92:a6:df:10:41:19	-78											
38	0	336.0014880919	0	20	240.845	58.2997999658	-32.7488464992	0	0.000 	0.000 	0	12.5663706144	12.5663706144	0	1	0
1	246.748	6889	0	00:01:7a:76:e4:54	-83											
2	246.748	6889	0	06:69:6c:84:7a:1d	-83											
3	246.748	5776	0	06:69:6c:84:7a:1e	-76											
4	246.748	5929	0	0c:da:41:08:66:80	-77											
5	246.748	5476	0	0c:da:41:08:66:90	-74											
6	246.748	6241	0	5c:dd:70:f8:8b:40	-79											
7	246.748	5776	0	70:f9:6d:bb:35:50	-76											
8	246.748	5329	0	70:f9:6d:bb:35:a0	-73											
9	246.748	6084	0	70:f9:6d:bb:35:e0	-78											
10	246.748	5776	0	70:f9:6d:c0:af:40	-76											
11	246.748	5184	0	70:f9:6d:c0:af:50	-72											
12	246.748	5184	0	70:f9:6d:c0:b2:20	-72											
13	246.748	4489	0	70:f9:6d:c0:b2:30	-67											
14	246.748	5776	0	70:f9:6d:c2:ea:d0	-76											
15	246.748	5625	0	70:f9:6d:c3:13:e0	-75											
16	246.748	4225	0	70:f9:6d:c3:13:f0	-65											
17	246.748	3721	0	70:f9:6d:c3:33:70	-61											
18	246.748	4900	0	7e:6b:9c:fc:56:4a	-70											
19	246.748	5476	0	92:a6:df:10:41:19	-74											
39	0	323.6433221928	0	19	246.748	60.8049519841	-32.6275818427	0	0.000 	0.000 	0	12.5663706144	12.5663706144	0	1	0
1	252.792	6889	0	00:01:7a:76:e4:54	-83											
2	252.792	6889	0	06:69:6c:84:7a:1d	-83											
3	252.792	6241	0	06:69:6c:84:7a:1e	-79											
4	252.792	5776	0	0c:da:41:08:66:80	-76											
5	252.792	5476	0	0c:da:41:08:66:90	-74											
6	252.792	6241	0	5c:dd:70:f8:8b:40	-79											
7	252.792	5329	0	70:f9:6d:bb:35:a0	-73											
8	252.792	5929	0	70:f9:6d:bb:35:e0	-77											
9	252.792	6724	0	70:f9:6d:bb:36:80	-82											
10	252.792	5776	0	70:f9:6d:c0:af:40	-76											
11	252.792	4096	0	70:f9:6d:c0:b2:20	-64											
12	252.792	4489	0	70:f9:6d:c0:b2:30	-67											
13	252.792	5776	0	70:f9:6d:c2:ea:d0	-76											
14	252.792	5625	0	70:f9:6d:c3:13:e0	-75											
15	252.792	4225	0	70:f9:6d:c3:13:f0	-65											
16	252.792	4225	0	70:f9:6d:c3:33:70	-65											
17	252.792	4900	0	7e:6b:9c:fc:56:4a	-70											
18	252.792	4900	0	92:a6:df:10:41:19	-70											
40	0	315.4457164078	0	18	252.792	67.7258874245	-32.5172500057	0	0.000 	0.000 	0	12.5663706144	12.5663706144	0	1	0
1	258.855	6889	0	00:01:7a:76:e4:54	-83											
2	258.855	6724	0	06:69:6c:84:7a:1e	-82											
3	258.855	5929	0	0c:da:41:08:66:80	-77											
4	258.855	4624	0	0c:da:41:08:66:90	-68											
5	258.855	6241	0	5c:dd:70:f8:8b:40	-79											
6	258.855	5329	0	70:f9:6d:bb:35:a0	-73											
7	258.855	5929	0	70:f9:6d:bb:35:e0	-77											
8	258.855	6724	0	70:f9:6d:bb:36:80	-82											
9	258.855	5776	0	70:f9:6d:c0:af:40	-76											
10	258.855	3844	0	70:f9:6d:c0:b2:20	-62											
11	258.855	4489	0	70:f9:6d:c0:b2:30	-67											
12	258.855	5625	0	70:f9:6d:c2:ea:c0	-75											
13	258.855	5329	0	70:f9:6d:c3:13:e0	-73											
14	258.855	4225	0	70:f9:6d:c3:13:f0	-65											
15	258.855	3844	0	70:f9:6d:c3:33:70	-62											
16	258.855	5184	0	92:a6:df:10:41:19	-72											
41	0	294.4571276094	0	16	258.855	74.5874973418	-32.7392691948	0	0.000 	0.000 	0	12.5663706144	12.5663706144	0	1	0
1	264.67	7056	0	00:01:7a:76:e4:54	-84											
2	264.67	6241	0	06:69:6c:84:7a:1e	-79											
3	264.67	5625	0	0c:da:41:08:66:80	-75											
4	264.67	5776	0	0c:da:41:08:66:90	-76											
5	264.67	6241	0	70:f9:6d:bb:35:50	-79											
6	264.67	5184	0	70:f9:6d:bb:35:a0	-72											
7	264.67	5625	0	70:f9:6d:bb:35:e0	-75											
8	264.67	6724	0	70:f9:6d:bb:36:80	-82											
9	264.67	4761	0	70:f9:6d:c0:af:40	-69											
10	264.67	3969	0	70:f9:6d:c0:b2:20	-63											
11	264.67	3969	0	70:f9:6d:c0:b2:30	-63											
12	264.67	5776	0	70:f9:6d:c2:ea:c0	-76											
13	264.67	4761	0	70:f9:6d:c3:13:e0	-69											
14	264.67	4356	0	70:f9:6d:c3:13:f0	-66											
15	264.67	3364	0	70:f9:6d:c3:33:70	-58											
16	264.67	5184	0	92:a6:df:10:41:19	-72											
42	0	290.8814191385	0	16	264.67	75.7936810935	-33.3682755536	0	0.000 	0.000 	0	12.5663706144	12.5663706144	0	1	0
1	270.853	6400	0	00:01:7a:76:e4:54	-80											
2	270.853	5625	0	06:69:6c:84:7a:1e	-75											
3	270.853	5041	0	0c:da:41:08:66:80	-71											
4	270.853	5184	0	0c:da:41:08:66:90	-72											
5	270.853	6084	0	5c:dd:70:f8:8b:40	-78											
6	270.853	6400	0	70:f9:6d:ba:88:40	-80											
7	270.853	6241	0	70:f9:6d:bb:35:50	-79											
8	270.853	5625	0	70:f9:6d:bb:35:a0	-75											
9	270.853	4900	0	70:f9:6d:bb:35:e0	-70											
10	270.853	6724	0	70:f9:6d:bb:36:80	-82											
11	270.853	5041	0	70:f9:6d:c0:af:40	-71											
12	270.853	5184	0	70:f9:6d:c0:b2:20	-72											
13	270.853	3969	0	70:f9:6d:c0:b2:30	-63											
14	270.853	6889	0	70:f9:6d:c1:35:a0	-83											
15	270.853	4356	0	70:f9:6d:c2:ea:c0	-66											
16	270.853	4900	0	70:f9:6d:c3:13:e0	-70											
17	270.853	4356	0	70:f9:6d:c3:13:f0	-66											
18	270.853	3249	0	70:f9:6d:c3:33:70	-57											
19	270.853	5476	0	92:a6:df:10:41:19	-74											
20	270.853	6241	0	ce:2d:83:17:df:63	-79											
43	0	328.4585209733	0	20	270.853	75.983940431	-40.1848250738	0	0.000 	0.000 	0	12.5663706144	12.5663706144	0	1	0
1	277.036	6400	0	00:01:7a:76:e4:54	-80											
2	277.036	5041	0	06:69:6c:84:7a:1d	-71											
3	277.036	5625	0	06:69:6c:84:7a:1e	-75											
4	277.036	4761	0	0c:da:41:08:66:80	-69											
5	277.036	4900	0	0c:da:41:08:66:90	-70											
6	277.036	6241	0	5c:dd:70:f8:8b:40	-79											
7	277.036	6561	0	70:f9:6d:ba:88:40	-81											
8	277.036	6241	0	70:f9:6d:bb:35:50	-79											
9	277.036	5476	0	70:f9:6d:bb:35:a0	-74											
10	277.036	4900	0	70:f9:6d:bb:35:e0	-70											
11	277.036	5041	0	70:f9:6d:bb:35:f0	-71											
12	277.036	5041	0	70:f9:6d:c0:af:40	-71											
13	277.036	5776	0	70:f9:6d:c0:b2:20	-76											
14	277.036	3969	0	70:f9:6d:c0:b2:30	-63											
15	277.036	6400	0	70:f9:6d:c1:35:a0	-80											
16	277.036	4225	0	70:f9:6d:c2:ea:c0	-65											
17	277.036	3364	0	70:f9:6d:c2:ea:d0	-58											
18	277.036	5041	0	70:f9:6d:c3:13:e0	-71											
19	277.036	4356	0	70:f9:6d:c3:13:f0	-66											
20	277.036	3249	0	70:f9:6d:c3:33:70	-57											
21	277.036	4900	0	92:a6:df:10:41:19	-70											
22	277.036	6889	0	a8:0c:ca:81:07:cd	-83											
23	277.036	6241	0	ce:2d:83:17:df:63	-79											
44	0	347.3298144415	0	23	277.036	75.6514402172	-46.783892314	0	0.000 	0.000 	0	12.5663706144	12.5663706144	0	1	0
1	282.84	6400	0	00:01:7a:76:e4:54	-80											
2	282.84	4489	0	06:69:6c:84:7a:1d	-67											
3	282.84	5184	0	06:69:6c:84:7a:1e	-72											
4	282.84	4761	0	0c:da:41:08:66:80	-69											
5	282.84	4489	0	0c:da:41:08:66:90	-67											
6	282.84	6241	0	5c:dd:70:f8:8b:40	-79											
7	282.84	6561	0	70:f9:6d:ba:88:40	-81											
8	282.84	6241	0	70:f9:6d:bb:35:50	-79											
9	282.84	5476	0	70:f9:6d:bb:35:a0	-74											
10	282.84	5329	0	70:f9:6d:bb:35:e0	-73											
11	282.84	5041	0	70:f9:6d:bb:35:f0	-71											
12	282.84	5041	0	70:f9:6d:c0:af:40	-71											
13	282.84	6084	0	70:f9:6d:c0:b2:20	-78											
14	282.84	3969	0	70:f9:6d:c0:b2:30	-63											
15	282.84	6400	0	70:f9:6d:c1:35:a0	-80											
16	282.84	4225	0	70:f9:6d:c2:ea:c0	-65											
17	282.84	4761	0	70:f9:6d:c2:ea:d0	-69											
18	282.84	5625	0	70:f9:6d:c3:13:e0	-75											
19	282.84	4356	0	70:f9:6d:c3:13:f0	-66											
20	282.84	3249	0	70:f9:6d:c3:33:70	-57											
21	282.84	4225	0	92:a6:df:10:41:19	-65											
22	282.84	7225	0	a8:0c:ca:81:06:ed	-85											
23	282.84	6889	0	a8:0c:ca:81:07:cd	-83											
24	282.84	5476	0	ce:2d:83:17:df:63	-74											
45	0	357.40313373	0	24	282.84	75.8258169361	-53.0555145812	0	0.000 	0.000 	0	12.5663706144	12.5663706144	0	1	0
1	288.89	6084	0	00:01:7a:76:e4:44	-78											
2	288.89	6400	0	00:01:7a:76:e4:54	-80											
3	288.89	4489	0	06:69:6c:84:7a:1d	-67											
4	288.89	5776	0	06:69:6c:84:7a:1e	-76											
5	288.89	5041	0	0c:da:41:08:66:80	-71											
6	288.89	4489	0	0c:da:41:08:66:90	-67											
7	288.89	6241	0	48:7d:2e:3c:4b:16	-79											
8	288.89	6241	0	5c:dd:70:f8:8b:40	-79											
9	288.89	6561	0	70:f9:6d:ba:88:40	-81											
10	288.89	5476	0	70:f9:6d:bb:35:a0	-74											
11	288.89	5329	0	70:f9:6d:bb:35:e0	-73											
12	288.89	5041	0	70:f9:6d:bb:35:f0	-71											
13	288.89	6724	0	70:f9:6d:bb:36:80	-82											
14	288.89	5041	0	70:f9:6d:c0:af:40	-71											
15	288.89	6084	0	70:f9:6d:c0:b2:20	-78											
16	288.89	6400	0	70:f9:6d:c1:35:a0	-80											
17	288.89	4624	0	70:f9:6d:c2:ea:c0	-68											
18	288.89	4624	0	70:f9:6d:c2:ea:d0	-68											
19	288.89	5625	0	70:f9:6d:c3:13:e0	-75											
20	288.89	5041	0	70:f9:6d:c3:33:70	-71											
21	288.89	5329	0	7e:6b:9c:fc:56:4a	-73											
22	288.89	5041	0	92:a6:df:10:41:19	-71											
23	288.89	7225	0	a8:0c:ca:81:06:ed	-85											
24	288.89	6889	0	a8:0c:ca:81:07:cd	-83											
25	288.89	5476	0	ce:2d:83:17:df:63	-74											
46	0	375.8869510904	0	25	288.89	75.7604600716	-58.0664619531	0	0.000 	0.000 	0	12.5663706144	12.5663706144	0	1	0
1	294.779	6084	0	00:01:7a:76:e4:44	-78											
2	294.779	6889	0	00:01:7a:76:e4:54	-83											
3	294.779	4489	0	06:69:6c:84:7a:1d	-67											
4	294.779	5776	0	06:69:6c:84:7a:1e	-76											
5	294.779	5041	0	0c:da:41:08:66:80	-71											
6	294.779	4624	0	0c:da:41:08:66:90	-68											
7	294.779	6241	0	48:7d:2e:3c:4b:16	-79											
8	294.779	6241	0	5c:dd:70:f8:8b:40	-79											
9	294.779	6561	0	70:f9:6d:ba:88:40	-81											
10	294.779	5476	0	70:f9:6d:bb:35:a0	-74											
11	294.779	5929	0	70:f9:6d:bb:35:e0	-77											
12	294.779	5041	0	70:f9:6d:bb:35:f0	-71											
13	294.779	6724	0	70:f9:6d:bb:36:80	-82											
14	294.779	5776	0	70:f9:6d:c0:b2:20	-76											
15	294.779	6889	0	70:f9:6d:c1:35:a0	-83											
16	294.779	3721	0	70:f9:6d:c2:ea:c0	-61											
17	294.779	4624	0	70:f9:6d:c2:ea:d0	-68											
18	294.779	6241	0	70:f9:6d:c3:13:e0	-79											
19	294.779	5041	0	70:f9:6d:c3:33:70	-71											
20	294.779	5041	0	7e:6b:9c:fc:56:4a	-71											
21	294.779	4624	0	92:a6:df:10:41:19	-68											
22	294.779	7225	0	a8:0c:ca:81:06:ed	-85											
23	294.779	6889	0	a8:0c:ca:81:07:cd	-83											
24	294.779	5929	0	ce:2d:83:17:df:63	-77											
47	0	370.2917768463	0	24	294.779	79.2465807919	-58.1402961553	0	0.000 	0.000 	0	12.5663706144	12.5663706144	0	1	0
1	300.862	6084	0	00:01:7a:76:e4:44	-78											
2	300.862	7225	0	00:01:7a:76:e4:54	-85											
3	300.862	4489	0	06:69:6c:84:7a:1d	-67											
4	300.862	6561	0	06:69:6c:84:7a:1e	-81											
5	300.862	3249	0	0c:da:41:08:66:80	-57											
6	300.862	3600	0	0c:da:41:08:66:90	-60											
7	300.862	6241	0	48:7d:2e:3c:4b:16	-79											
8	300.862	6561	0	70:f9:6d:ba:88:40	-81											
9	300.862	7056	0	70:f9:6d:bb:35:70	-84											
10	300.862	5476	0	70:f9:6d:bb:35:a0	-74											
11	300.862	5929	0	70:f9:6d:bb:35:e0	-77											
12	300.862	6724	0	70:f9:6d:bb:36:80	-82											
13	300.862	6241	0	70:f9:6d:c0:af:40	-79											
14	300.862	5776	0	70:f9:6d:c0:b2:20	-76											
15	300.862	6889	0	70:f9:6d:c1:35:a0	-83											
16	300.862	4900	0	70:f9:6d:c2:ea:c0	-70											
17	300.862	4624	0	70:f9:6d:c2:ea:d0	-68											
18	300.862	5929	0	70:f9:6d:c3:13:e0	-77											
19	300.862	3969	0	70:f9:6d:c3:33:70	-63											
20	300.862	5041	0	7e:6b:9c:fc:56:4a	-71											
21	300.862	4624	0	92:a6:df:10:41:19	-68											
22	300.862	7225	0	a8:0c:ca:81:06:ed	-85											
23	300.862	6889	0	a8:0c:ca:81:07:cd	-83											
24	300.862	5929	0	ce:2d:83:17:df:63	-77											
25	300.862	6241	0	ce:2d:83:c0:f5:d6	-79											
48	0	378.7769792371	0	25	300.862	85.6130176243	-58.0999081078	0	0.000 	0.000 	0	12.5663706144	12.5663706144	0	1	0
1	304.034	6084	0	00:01:7a:76:e4:44	-78											
2	304.034	7225	0	00:01:7a:76:e4:54	-85											
3	304.034	6561	0	06:69:6c:84:7a:1e	-81											
4	304.034	3249	0	0c:da:41:08:66:80	-57											
5	304.034	3249	0	0c:da:41:08:66:90	-57											
6	304.034	6724	0	0c:da:41:08:85:50	-82											
7	304.034	6241	0	48:7d:2e:3c:4b:16	-79											
8	304.034	7056	0	70:f9:6d:bb:35:70	-84											
9	304.034	5476	0	70:f9:6d:bb:35:a0	-74											
10	304.034	5929	0	70:f9:6d:bb:35:e0	-77											
11	304.034	6724	0	70:f9:6d:bb:36:80	-82											
12	304.034	6241	0	70:f9:6d:c0:af:40	-79											
13	304.034	5776	0	70:f9:6d:c0:b2:20	-76											
14	304.034	6889	0	70:f9:6d:c1:35:a0	-83											
15	304.034	6084	0	70:f9:6d:c2:ea:c0	-78											
16	304.034	4624	0	70:f9:6d:c2:ea:d0	-68											
17	304.034	5929	0	70:f9:6d:c3:13:e0	-77											
18	304.034	5184	0	70:f9:6d:c3:13:f0	-72											
19	304.034	3969	0	70:f9:6d:c3:33:70	-63											
20	304.034	5041	0	7e:6b:9c:fc:56:4a	-71											
21	304.034	6561	0	92:a6:df:10:41:19	-81											
22	304.034	7225	0	a8:0c:ca:81:06:ed	-85											
23	304.034	5929	0	ce:2d:83:17:df:63	-77											
24	304.034	7056	0	ce:2d:83:c0:f5:d6	-84											
49	0	375.5342860512	0	24	304.034	86.1425041649	-58.066467786	0	0.000 	0.000 	0	12.5663706144	12.5663706144	0	1	0
1	304.124	6084	0	00:01:7a:76:e4:44	-78											
2	304.124	7225	0	00:01:7a:76:e4:54	-85											
3	304.124	6561	0	06:69:6c:84:7a:1e	-81											
4	304.124	3249	0	0c:da:41:08:66:80	-57											
5	304.124	3249	0	0c:da:41:08:66:90	-57											
6	304.124	6724	0	0c:da:41:08:85:50	-82											
7	304.124	6241	0	48:7d:2e:3c:4b:16	-79											
8	304.124	7056	0	70:f9:6d:bb:35:70	-84											
9	304.124	5476	0	70:f9:6d:bb:35:a0	-74											
10	304.124	5929	0	70:f9:6d:bb:35:e0	-77											
11	304.124	6724	0	70:f9:6d:bb:36:80	-82											
12	304.124	6241	0	70:f9:6d:c0:af:40	-79											
13	304.124	5776	0	70:f9:6d:c0:b2:20	-76											
14	304.124	6889	0	70:f9:6d:c1:35:a0	-83											
15	304.124	6084	0	70:f9:6d:c2:ea:c0	-78											
16	304.124	4624	0	70:f9:6d:c2:ea:d0	-68											
17	304.124	5929	0	70:f9:6d:c3:13:e0	-77											
18	304.124	5184	0	70:f9:6d:c3:13:f0	-72											
19	304.124	3969	0	70:f9:6d:c3:33:70	-63											
20	304.124	5041	0	7e:6b:9c:fc:56:4a	-71											
21	304.124	6561	0	92:a6:df:10:41:19	-81											
22	304.124	7225	0	a8:0c:ca:81:06:ed	-85											
23	304.124	5929	0	ce:2d:83:17:df:63	-77											
24	304.124	7056	0	ce:2d:83:c0:f5:d6	-84											
50	0	375.5342860512	0	24	304.124	86.1425041649	-58.066467786	0	0.000 	0.000 	0	12.5663706144	12.5663706144	0	1	0
1	310.924	6889	0	00:01:7a:76:e4:53	-83											
2	310.924	7225	0	00:01:7a:76:e4:54	-85											
3	310.924	6561	0	06:69:6c:84:7a:1e	-81											
4	310.924	3969	0	0c:da:41:08:66:80	-63											
5	310.924	3721	0	0c:da:41:08:66:90	-61											
6	310.924	6724	0	0c:da:41:08:85:50	-82											
7	310.924	7056	0	70:f9:6d:bb:35:70	-84											
8	310.924	5625	0	70:f9:6d:bb:35:a0	-75											
9	310.924	6241	0	70:f9:6d:bb:35:e0	-79											
10	310.924	5929	0	70:f9:6d:c0:af:40	-77											
11	310.924	6084	0	70:f9:6d:c0:af:50	-78											
12	310.924	5776	0	70:f9:6d:c0:b2:20	-76											
13	310.924	6889	0	70:f9:6d:c1:35:a0	-83											
14	310.924	6241	0	70:f9:6d:c2:ea:c0	-79											
15	310.924	5776	0	70:f9:6d:c3:13:e0	-76											
16	310.924	5184	0	70:f9:6d:c3:13:f0	-72											
17	310.924	3969	0	70:f9:6d:c3:33:70	-63											
18	310.924	5041	0	7e:6b:9c:fc:56:4a	-71											
19	310.924	6561	0	92:a6:df:10:41:19	-81											
20	310.924	7225	0	a8:0c:ca:81:06:ed	-85											
21	310.924	5929	0	ce:2d:83:17:df:63	-77											
22	310.924	7056	0	ce:2d:83:c0:f5:d6	-84											
51	0	362.8649886666	0	22	310.924	86.2161384621	-63.5954471801	0	0.000 	0.000 	0	12.5663706144	12.5663706144	0	1	0
1	316.86	6889	0	00:01:7a:76:e4:53	-83											
2	316.86	4225	0	0c:da:41:08:66:80	-65											
3	316.86	3721	0	0c:da:41:08:66:90	-61											
4	316.86	6724	0	0c:da:41:08:85:50	-82											
5	316.86	6084	0	70:f9:6d:bb:35:a0	-78											
6	316.86	6241	0	70:f9:6d:bb:35:e0	-79											
7	316.86	5625	0	70:f9:6d:c0:af:40	-75											
8	316.86	6084	0	70:f9:6d:c0:af:50	-78											
9	316.86	6084	0	70:f9:6d:c2:ea:c0	-78											
10	316.86	5329	0	70:f9:6d:c3:13:e0	-73											
11	316.86	5184	0	70:f9:6d:c3:13:f0	-72											
12	316.86	4225	0	70:f9:6d:c3:33:70	-65											
13	316.86	6561	0	92:a6:df:10:41:19	-81											
14	316.86	7396	0	ca:f2:30:37:41:70	-86											
15	316.86	7056	0	ce:2d:83:c0:f5:d6	-84											
52	0	295.6822618961	0	15	316.86	86.1425055527	-65.8452333242	0	0.000 	0.000 	0	12.5663706144	12.5663706144	0	1	0
1	322.782	6889	0	00:01:7a:76:e4:53	-83											
2	322.782	6561	0	06:69:6c:84:7a:1d	-81											
3	322.782	4489	0	0c:da:41:08:66:80	-67											
4	322.782	3364	0	0c:da:41:08:66:90	-58											
5	322.782	6724	0	0c:da:41:08:85:50	-82											
6	322.782	6084	0	70:f9:6d:bb:35:a0	-78											
7	322.782	6889	0	70:f9:6d:bb:35:e0	-83											
8	322.782	5776	0	70:f9:6d:c0:af:40	-76											
9	322.782	5476	0	70:f9:6d:c0:af:50	-74											
10	322.782	6889	0	70:f9:6d:c1:90:40	-83											
11	322.782	5476	0	70:f9:6d:c2:ea:c0	-74											
12	322.782	5929	0	70:f9:6d:c3:13:e0	-77											
13	322.782	5184	0	70:f9:6d:c3:13:f0	-72											
14	322.782	3721	0	70:f9:6d:c3:33:70	-61											
15	322.782	6561	0	92:a6:df:10:41:19	-81											
16	322.782	5776	0	ca:f2:30:37:41:70	-76											
17	322.782	7056	0	ce:2d:83:c0:f5:d6	-84											
53	0	314.3946564431	0	17	322.782	82.3959804305	-65.8936742934	0	0.000 	0.000 	0	12.5663706144	12.5663706144	0	1	0
1	328.834	6889	0	00:01:7a:76:e4:53	-83											
2	328.834	6561	0	06:69:6c:84:7a:1d	-81											
3	328.834	4624	0	0c:da:41:08:66:80	-68											
4	328.834	4356	0	0c:da:41:08:66:90	-66											
5	328.834	6889	0	48:7d:2e:3c:4b:16	-83											
6	328.834	6241	0	70:f9:6d:bb:35:70	-79											
7	328.834	6084	0	70:f9:6d:bb:35:a0	-78											
8	328.834	6561	0	70:f9:6d:bb:35:e0	-81											
9	328.834	6400	0	70:f9:6d:c0:af:40	-80											
10	328.834	5476	0	70:f9:6d:c0:af:50	-74											
11	328.834	6084	0	70:f9:6d:c0:b2:20	-78											
12	328.834	6241	0	70:f9:6d:c0:b2:30	-79											
13	328.834	6889	0	70:f9:6d:c1:90:40	-83											
14	328.834	4096	0	70:f9:6d:c2:ea:c0	-64											
15	328.834	4624	0	70:f9:6d:c2:ea:d0	-68											
16	328.834	5929	0	70:f9:6d:c3:13:e0	-77											
17	328.834	5184	0	70:f9:6d:c3:13:f0	-72											
18	328.834	3969	0	70:f9:6d:c3:33:70	-63											
19	328.834	6889	0	72:7a:55:e7:28:78	-83											
20	328.834	5929	0	92:a6:df:10:41:19	-77											
21	328.834	5776	0	ca:f2:30:37:41:70	-76											
54	0	348.8423712796	0	21	328.834	75.3964711398	-65.699626174	0	0.000 	0.000 	0	12.5663706144	12.5663706144	0	1	0
1	334.781	7396	0	00:01:7a:76:e4:52	-86											
2	334.781	5929	0	06:69:6c:84:7a:1d	-77											
3	334.781	5776	0	0c:da:41:08:66:80	-76											
4	334.781	4489	0	0c:da:41:08:66:90	-67											
5	334.781	6084	0	48:7d:2e:3c:4b:16	-78											
6	334.781	6400	0	70:f9:6d:bb:35:60	-80											
7	334.781	6241	0	70:f9:6d:bb:35:70	-79											
8	334.781	5776	0	70:f9:6d:bb:35:a0	-76											
9	334.781	6889	0	70:f9:6d:bb:35:e0	-83											
10	334.781	7056	0	70:f9:6d:bb:36:80	-84											
11	334.781	6561	0	70:f9:6d:c0:af:40	-81											
12	334.781	5476	0	70:f9:6d:c0:af:50	-74											
13	334.781	6084	0	70:f9:6d:c0:b2:20	-78											
14	334.781	6241	0	70:f9:6d:c0:b2:30	-79											
15	334.781	6889	0	70:f9:6d:c1:90:40	-83											
16	334.781	3844	0	70:f9:6d:c2:ea:c0	-62											
17	334.781	5184	0	70:f9:6d:c2:ea:d0	-72											
18	334.781	5929	0	70:f9:6d:c3:13:e0	-77											
19	334.781	3969	0	70:f9:6d:c3:33:70	-63											
20	334.781	6889	0	72:7a:55:e7:28:78	-83											
21	334.781	5476	0	92:a6:df:10:41:19	-74											
22	334.781	5776	0	ca:f2:30:37:41:70	-76											
23	334.781	5329	0	ce:2d:83:c0:f5:d6	-73											
55	0	368.3517340803	0	23	334.781	69.0351604116	-65.6911794897	0	0.000 	0.000 	0	12.5663706144	12.5663706144	0	1	0
1	337.341	7396	0	00:01:7a:76:e4:52	-86											
2	337.341	5929	0	06:69:6c:84:7a:1d	-77											
3	337.341	6241	0	0c:da:41:08:66:80	-79											
4	337.341	4489	0	0c:da:41:08:66:90	-67											
5	337.341	6084	0	48:7d:2e:3c:4b:16	-78											
6	337.341	6400	0	70:f9:6d:bb:35:60	-80											
7	337.341	6241	0	70:f9:6d:bb:35:70	-79											
8	337.341	5776	0	70:f9:6d:bb:35:a0	-76											
9	337.341	7056	0	70:f9:6d:bb:35:e0	-84											
10	337.341	7056	0	70:f9:6d:bb:36:80	-84											
11	337.341	6561	0	70:f9:6d:c0:af:40	-81											
12	337.341	5476	0	70:f9:6d:c0:af:50	-74											
13	337.341	7225	0	70:f9:6d:c0:b2:20	-85											
14	337.341	6241	0	70:f9:6d:c0:b2:30	-79											
15	337.341	6889	0	70:f9:6d:c1:90:40	-83											
16	337.341	3844	0	70:f9:6d:c2:ea:c0	-62											
17	337.341	4900	0	70:f9:6d:c2:ea:d0	-70											
18	337.341	5929	0	70:f9:6d:c3:13:e0	-77											
19	337.341	3969	0	70:f9:6d:c3:33:70	-63											
20	337.341	6889	0	72:7a:55:e7:28:78	-83											
21	337.341	5476	0	92:a6:df:10:41:19	-74											
22	337.341	5776	0	ca:f2:30:37:41:70	-76											
23	337.341	4761	0	ce:2d:83:c0:f5:d6	-69											
56	0	369.5997835497	0	23	337.341	66.6408457212	-65.6948624325	0	0.000 	0.000 	0	12.5663706144	12.5663706144	0	1	0
1	342.887	7396	0	00:01:7a:76:e4:52	-86											
2	342.887	5929	0	06:69:6c:84:7a:1d	-77											
3	342.887	6241	0	06:69:6c:84:7a:1e	-79											
4	342.887	6241	0	0c:da:41:08:66:80	-79											
5	342.887	4489	0	0c:da:41:08:66:90	-67											
6	342.887	6084	0	48:7d:2e:3c:4b:16	-78											
7	342.887	5476	0	70:f9:6d:bb:35:60	-74											
8	342.887	6084	0	70:f9:6d:bb:35:70	-78											
9	342.887	5476	0	70:f9:6d:bb:35:a0	-74											
10	342.887	7056	0	70:f9:6d:bb:35:e0	-84											
11	342.887	5776	0	70:f9:6d:bb:36:80	-76											
12	342.887	6561	0	70:f9:6d:c0:af:40	-81											
13	342.887	7225	0	70:f9:6d:c0:b2:20	-85											
14	342.887	6241	0	70:f9:6d:c0:b2:30	-79											
15	342.887	6561	0	70:f9:6d:c0:b2:80	-81											
16	342.887	3844	0	70:f9:6d:c2:ea:c0	-62											
17	342.887	4489	0	70:f9:6d:c2:ea:d0	-67											
18	342.887	3969	0	70:f9:6d:c3:33:70	-63											
19	342.887	6889	0	72:7a:55:e7:28:78	-83											
20	342.887	5476	0	92:a6:df:10:41:19	-74											
21	342.887	6084	0	ce:2d:83:c0:f5:d6	-78											
22	342.887	5776	0	de:ef:ca:53:ea:5e	-76											
57	0	359.6706827085	0	22	342.887	61.3989007675	-65.5723042639	0	0.000 	0.000 	0	12.5663706144	12.5663706144	0	1	0
1	348.825	6241	0	06:69:6c:84:7a:1e	-79											
2	348.825	6241	0	0c:da:41:08:66:80	-79											
3	348.825	5329	0	0c:da:41:08:66:90	-73											
4	348.825	5929	0	5c:dd:70:f8:8b:50	-77											
5	348.825	7396	0	70:f9:6d:ba:88:40	-86											
6	348.825	4900	0	70:f9:6d:bb:35:60	-70											
7	348.825	5041	0	70:f9:6d:bb:35:70	-71											
8	348.825	5476	0	70:f9:6d:bb:35:a0	-74											
9	348.825	7056	0	70:f9:6d:bb:35:e0	-84											
10	348.825	5776	0	70:f9:6d:bb:36:80	-76											
11	348.825	5776	0	70:f9:6d:bb:36:90	-76											
12	348.825	7225	0	70:f9:6d:c0:b2:20	-85											
13	348.825	6561	0	70:f9:6d:c0:b2:80	-81											
14	348.825	4225	0	70:f9:6d:c2:ea:c0	-65											
15	348.825	4624	0	70:f9:6d:c2:ea:d0	-68											
16	348.825	6724	0	70:f9:6d:c3:13:e0	-82											
17	348.825	5929	0	72:7a:55:e7:28:78	-77											
18	348.825	5184	0	92:a6:df:10:41:19	-72											
19	348.825	5476	0	ce:2d:83:c0:f5:d6	-74											
20	348.825	5776	0	de:ef:ca:53:ea:5e	-76											
58	0	341.8844834151	0	20	348.825	54.5691503865	-65.6760672694	0	0.000 	0.000 	0	12.5663706144	12.5663706144	0	1	0
1	363.179	6400	0	06:69:6c:84:7a:1d	-80											
2	363.179	6241	0	06:69:6c:84:7a:1e	-79											
3	363.179	7396	0	0c:da:41:08:66:80	-86											
4	363.179	5329	0	0c:da:41:08:66:90	-73											
5	363.179	5929	0	5c:dd:70:f8:8b:50	-77											
6	363.179	7396	0	70:f9:6d:ba:88:40	-86											
7	363.179	4900	0	70:f9:6d:bb:35:60	-70											
8	363.179	5776	0	70:f9:6d:bb:35:70	-76											
9	363.179	5476	0	70:f9:6d:bb:35:a0	-74											
10	363.179	7056	0	70:f9:6d:bb:35:e0	-84											
11	363.179	5776	0	70:f9:6d:bb:36:80	-76											
12	363.179	5776	0	70:f9:6d:bb:36:90	-76											
13	363.179	7225	0	70:f9:6d:c0:b2:20	-85											
14	363.179	6241	0	70:f9:6d:c0:b2:80	-79											
15	363.179	6724	0	70:f9:6d:c0:b2:90	-82											
16	363.179	7056	0	70:f9:6d:c2:ea:c0	-84											
17	363.179	4624	0	70:f9:6d:c2:ea:d0	-68											
18	363.179	6724	0	70:f9:6d:c3:13:e0	-82											
19	363.179	5929	0	72:7a:55:e7:28:78	-77											
20	363.179	6084	0	92:a6:df:10:41:19	-78											
21	363.179	7225	0	ce:2d:83:c0:f5:d6	-85											
22	363.179	5776	0	de:ef:ca:53:ea:5e	-76											
59	0	370.2148025134	0	22	363.179	38.8848145438	-65.6140220952	0	0.000 	0.000 	0	12.5663706144	12.5663706144	0	1	0
1	369.039	7225	0	06:69:6c:84:7a:1d	-85											
2	369.039	7396	0	0c:da:41:08:66:80	-86											
3	369.039	3600	0	70:f9:6d:bb:35:60	-60											
4	369.039	3600	0	70:f9:6d:bb:35:70	-60											
5	369.039	6400	0	70:f9:6d:bb:35:e0	-80											
6	369.039	4096	0	70:f9:6d:c0:b2:80	-64											
7	369.039	6084	0	70:f9:6d:c0:b2:90	-78											
8	369.039	7056	0	70:f9:6d:c2:ea:c0	-84											
9	369.039	6084	0	92:a6:df:10:41:19	-78											
10	369.039	7225	0	ce:2d:83:c0:f5:d6	-85											
60	0	242.4169961038	0	10	369.039	32.5043334472	-65.7437504329	0	0.000 	0.000 	0	12.5663706144	12.5663706144	0	1	0
1	374.789	7225	0	06:69:6c:84:7a:1d	-85											
2	374.789	7396	0	0c:da:41:08:66:80	-86											
3	374.789	3969	0	70:f9:6d:bb:35:60	-63											
4	374.789	3844	0	70:f9:6d:bb:35:70	-62											
5	374.789	6889	0	70:f9:6d:bb:35:a0	-83											
6	374.789	6084	0	70:f9:6d:bb:35:e0	-78											
7	374.789	7225	0	70:f9:6d:bb:35:f0	-85											
8	374.789	3721	0	70:f9:6d:c0:b2:80	-61											
9	374.789	5041	0	70:f9:6d:c0:b2:90	-71											
10	374.789	7056	0	70:f9:6d:c2:ea:c0	-84											
11	374.789	6084	0	92:a6:df:10:41:19	-78											
12	374.789	7225	0	ce:2d:83:c0:f5:d6	-85											
61	0	267.8787038941	0	12	374.789	26.6437861031	-65.4170888279	0	0.000 	0.000 	0	12.5663706144	12.5663706144	0	1	0
1	380.844	7056	0	00:01:7a:76:e4:42	-84											
2	380.844	7056	0	00:01:7a:76:e4:52	-84											
3	380.844	7225	0	06:69:6c:84:7a:1d	-85											
4	380.844	7396	0	0c:da:41:08:66:80	-86											
5	380.844	4489	0	70:f9:6d:bb:35:60	-67											
6	380.844	3969	0	70:f9:6d:bb:35:70	-63											
7	380.844	4900	0	70:f9:6d:bb:35:a0	-70											
8	380.844	5625	0	70:f9:6d:bb:35:e0	-75											
9	380.844	7225	0	70:f9:6d:bb:35:f0	-85											
10	380.844	5776	0	70:f9:6d:bb:36:80	-76											
11	380.844	3600	0	70:f9:6d:c0:b2:80	-60											
12	380.844	4096	0	70:f9:6d:c0:b2:90	-64											
13	380.844	7225	0	70:f9:6d:c2:ea:c0	-85											
14	380.844	6084	0	92:a6:df:10:41:19	-78											
15	380.844	7225	0	ce:2d:83:c0:f5:d6	-85											
62	0	298.2398363733	0	15	380.844	20.121155562	-65.7117327725	0	0.000 	0.000 	0	12.5663706144	12.5663706144	0	1	0
1	386.842	7056	0	00:01:7a:76:e4:42	-84											
2	386.842	7056	0	00:01:7a:76:e4:52	-84											
3	386.842	7225	0	06:69:6c:84:7a:1d	-85											
4	386.842	7396	0	0c:da:41:08:66:80	-86											
5	386.842	5329	0	70:f9:6d:bb:35:60	-73											
6	386.842	4225	0	70:f9:6d:bb:35:70	-65											
7	386.842	4356	0	70:f9:6d:bb:35:a0	-66											
8	386.842	4900	0	70:f9:6d:bb:35:b0	-70											
9	386.842	5476	0	70:f9:6d:bb:35:e0	-74											
10	386.842	7225	0	70:f9:6d:bb:35:f0	-85											
11	386.842	6724	0	70:f9:6d:bb:36:80	-82											
12	386.842	2601	0	70:f9:6d:c0:b2:80	-51											
13	386.842	3600	0	70:f9:6d:c0:b2:90	-60											
14	386.842	7225	0	70:f9:6d:c2:ea:c0	-85											
15	386.842	4900	0	92:a6:df:10:41:19	-70											
63	0	292.0513653452	0	15	386.842	13.6406142617	-65.6057045497	0	0.000 	0.000 	0	12.5663706144	12.5663706144	0	1	0
1	392.815	7056	0	00:01:7a:76:e4:42	-84											
2	392.815	7056	0	00:01:7a:76:e4:52	-84											
3	392.815	5929	0	70:f9:6d:bb:35:60	-77											
4	392.815	5041	0	70:f9:6d:bb:35:70	-71											
5	392.815	5476	0	70:f9:6d:bb:35:a0	-74											
6	392.815	4225	0	70:f9:6d:bb:35:b0	-65											
7	392.815	4356	0	70:f9:6d:bb:35:e0	-66											
8	392.815	4356	0	70:f9:6d:bb:35:f0	-66											
9	392.815	6724	0	70:f9:6d:bb:36:80	-82											
10	392.815	3969	0	70:f9:6d:c0:b2:80	-63											
11	392.815	4225	0	70:f9:6d:c0:b2:90	-65											
12	392.815	7056	0	70:f9:6d:c2:ea:c0	-84											
13	392.815	5929	0	92:a6:df:10:41:19	-77											
64	0	267.2040418856	0	13	392.815	7.1460295095	-65.7975231924	0	0.000 	0.000 	0	12.5663706144	12.5663706144	0	1	0
1	398.805	7056	0	00:01:7a:76:e4:42	-84											
2	398.805	7056	0	00:01:7a:76:e4:52	-84											
3	398.805	5329	0	70:f9:6d:bb:35:60	-73											
4	398.805	5329	0	70:f9:6d:bb:35:70	-73											
5	398.805	6084	0	70:f9:6d:bb:35:a0	-78											
6	398.805	4225	0	70:f9:6d:bb:35:b0	-65											
7	398.805	4225	0	70:f9:6d:bb:35:e0	-65											
8	398.805	3481	0	70:f9:6d:bb:35:f0	-59											
9	398.805	6724	0	70:f9:6d:bb:36:80	-82											
10	398.805	3969	0	70:f9:6d:c0:b2:80	-63											
11	398.805	5184	0	70:f9:6d:c0:b2:90	-72											
12	398.805	7056	0	70:f9:6d:c2:ea:c0	-84											
13	398.805	5929	0	92:a6:df:10:41:19	-77											
65	0	267.6695724209	0	13	398.805	5.9473837879	-64.209579755	0	0.000 	0.000 	0	12.5663706144	12.5663706144	0	1	0
1	404.837	6561	0	00:01:7a:76:e4:44	-81											
2	404.837	6561	0	00:01:7a:76:e4:52	-81											
3	404.837	6889	0	2e:20:0b:0b:10:f2	-83											
4	404.837	5329	0	70:f9:6d:bb:35:60	-73											
5	404.837	5041	0	70:f9:6d:bb:35:70	-71											
6	404.837	5476	0	70:f9:6d:bb:35:a0	-74											
7	404.837	4225	0	70:f9:6d:bb:35:b0	-65											
8	404.837	3844	0	70:f9:6d:bb:35:e0	-62											
9	404.837	3481	0	70:f9:6d:bb:35:f0	-59											
10	404.837	6724	0	70:f9:6d:bb:36:80	-82											
11	404.837	7056	0	70:f9:6d:c0:af:40	-84											
12	404.837	4624	0	70:f9:6d:c0:b2:80	-68											
13	404.837	4225	0	70:f9:6d:c0:b2:90	-65											
14	404.837	7056	0	70:f9:6d:c2:ea:c0	-84											
15	404.837	6400	0	88:44:77:74:ff:5c	-80											
16	404.837	5929	0	92:a6:df:10:41:19	-77											
17	404.837	4624	0	dc:72:9b:3c:5e:cf	-68											
66	0	306.6675724624	0	17	404.837	5.9396940264	-58.4121023863	0	0.000 	0.000 	0	12.5663706144	12.5663706144	0	1	0
1	410.849	6561	0	00:01:7a:76:e4:44	-81											
2	410.849	6724	0	00:01:7a:76:e4:52	-82											
3	410.849	6889	0	2e:20:0b:0b:10:f2	-83											
4	410.849	6561	0	70:f9:6d:bb:35:60	-81											
5	410.849	5041	0	70:f9:6d:bb:35:70	-71											
6	410.849	5476	0	70:f9:6d:bb:35:a0	-74											
7	410.849	4225	0	70:f9:6d:bb:35:b0	-65											
8	410.849	3025	0	70:f9:6d:bb:35:e0	-55											
9	410.849	3969	0	70:f9:6d:bb:35:f0	-63											
10	410.849	6724	0	70:f9:6d:bb:36:80	-82											
11	410.849	7056	0	70:f9:6d:c0:af:40	-84											
12	410.849	4761	0	70:f9:6d:c0:b2:80	-69											
13	410.849	4225	0	70:f9:6d:c0:b2:90	-65											
14	410.849	7056	0	70:f9:6d:c2:ea:c0	-84											
15	410.849	5625	0	88:44:77:74:ff:5c	-75											
16	410.849	5184	0	92:a6:df:10:41:19	-72											
17	410.849	4624	0	dc:72:9b:3c:5e:cf	-68											
67	0	306.1470235034	0	17	410.849	7.1005092366	-57.8368882448	0	0.000 	0.000 	0	12.5663706144	12.5663706144	0	1	0
1	415.92	6561	0	00:01:7a:76:e4:44	-81											
2	415.92	6724	0	00:01:7a:76:e4:52	-82											
3	415.92	6724	0	00:01:7a:76:e4:54	-82											
4	415.92	5184	0	06:69:6c:84:7a:1d	-72											
5	415.92	7225	0	0c:da:41:08:66:80	-85											
6	415.92	6889	0	2e:20:0b:0b:10:f2	-83											
7	415.92	6724	0	70:f9:6d:ba:88:40	-82											
8	415.92	7056	0	70:f9:6d:bb:35:60	-84											
9	415.92	5041	0	70:f9:6d:bb:35:70	-71											
10	415.92	5476	0	70:f9:6d:bb:35:a0	-74											
11	415.92	3364	0	70:f9:6d:bb:35:e0	-58											
12	415.92	3969	0	70:f9:6d:bb:35:f0	-63											
13	415.92	7056	0	70:f9:6d:c0:af:40	-84											
14	415.92	5041	0	70:f9:6d:c0:b2:80	-71											
15	415.92	4900	0	70:f9:6d:c0:b2:90	-70											
16	415.92	7056	0	70:f9:6d:c2:ea:c0	-84											
17	415.92	7056	0	72:7a:55:e7:28:78	-84											
18	415.92	5625	0	88:44:77:74:ff:5c	-75											
19	415.92	5184	0	92:a6:df:10:41:19	-72											
20	415.92	4624	0	dc:72:9b:3c:5e:cf	-68											
68	0	342.7520970031	0	20	415.92	10.0997717773	-57.8003096454	0	0.000 	0.000 	0	12.5663706144	12.5663706144	0	1	0
1	420.818	6561	0	00:01:7a:76:e4:44	-81											
2	420.818	6724	0	00:01:7a:76:e4:52	-82											
3	420.818	6084	0	00:01:7a:76:e4:53	-78											
4	420.818	6561	0	00:01:7a:76:e4:54	-81											
5	420.818	5041	0	06:69:6c:84:7a:1d	-71											
6	420.818	7225	0	0c:da:41:08:66:80	-85											
7	420.818	6889	0	2e:20:0b:0b:10:f2	-83											
8	420.818	7056	0	5c:dd:70:f8:8b:40	-84											
9	420.818	6561	0	70:f9:6d:ba:88:40	-81											
10	420.818	7056	0	70:f9:6d:bb:35:60	-84											
11	420.818	5184	0	70:f9:6d:bb:35:70	-72											
12	420.818	5184	0	70:f9:6d:bb:35:a0	-72											
13	420.818	2916	0	70:f9:6d:bb:35:e0	-54											
14	420.818	3481	0	70:f9:6d:bb:35:f0	-59											
15	420.818	7056	0	70:f9:6d:c0:af:40	-84											
16	420.818	5476	0	70:f9:6d:c0:b2:80	-74											
17	420.818	4900	0	70:f9:6d:c0:b2:90	-70											
18	420.818	6889	0	70:f9:6d:c3:13:e0	-83											
19	420.818	7056	0	72:7a:55:e7:28:78	-84											
20	420.818	5625	0	88:44:77:74:ff:5c	-75											
21	420.818	5184	0	92:a6:df:10:41:19	-72											
22	420.818	7225	0	a8:0c:ca:81:06:ed	-85											
23	420.818	7225	0	a8:0c:ca:81:07:cd	-85											
24	420.818	4624	0	dc:72:9b:3c:5e:cf	-68											
69	0	379.1872888165	0	24	420.818	9.9958770847	-54.5562620675	0	0.000 	0.000 	0	12.5663706144	12.5663706144	0	1	0
1	426.897	5776	0	00:01:7a:76:e4:44	-76											
2	426.897	6724	0	00:01:7a:76:e4:52	-82											
3	426.897	5776	0	00:01:7a:76:e4:53	-76											
4	426.897	6241	0	00:01:7a:76:e4:54	-79											
5	426.897	4356	0	06:69:6c:84:7a:1d	-66											
6	426.897	7225	0	0c:da:41:08:66:80	-85											
7	426.897	7056	0	5c:dd:70:f8:8b:40	-84											
8	426.897	6241	0	70:f9:6d:ba:88:40	-79											
9	426.897	7056	0	70:f9:6d:bb:35:60	-84											
10	426.897	5184	0	70:f9:6d:bb:35:70	-72											
11	426.897	5184	0	70:f9:6d:bb:35:a0	-72											
12	426.897	1764	0	70:f9:6d:bb:35:e0	-42											
13	426.897	3025	0	70:f9:6d:bb:35:f0	-55											
14	426.897	7396	0	70:f9:6d:bc:7e:00	-86											
15	426.897	5476	0	70:f9:6d:c0:b2:80	-74											
16	426.897	4900	0	70:f9:6d:c0:b2:90	-70											
17	426.897	6889	0	70:f9:6d:c3:13:e0	-83											
18	426.897	6561	0	72:7a:55:e7:28:78	-81											
19	426.897	5625	0	88:44:77:74:ff:5c	-75											
20	426.897	5184	0	92:a6:df:10:41:19	-72											
21	426.897	7225	0	a8:0c:ca:81:06:ed	-85											
22	426.897	7225	0	a8:0c:ca:81:07:cd	-85											
70	0	357.8952360678	0	22	426.897	9.7325468253	-47.1580252147	0	0.000 	0.000 	0	12.5663706144	12.5663706144	0	1	0
1	432.854	5041	0	00:01:7a:76:e4:43	-71											
2	432.854	5776	0	00:01:7a:76:e4:44	-76											
3	432.854	5776	0	00:01:7a:76:e4:53	-76											
4	432.854	6241	0	00:01:7a:76:e4:54	-79											
5	432.854	4356	0	06:69:6c:84:7a:1d	-66											
6	432.854	7225	0	0c:da:41:08:66:80	-85											
7	432.854	6561	0	5c:dd:70:f8:8b:40	-81											
8	432.854	6561	0	70:f9:6d:ba:88:40	-81											
9	432.854	7056	0	70:f9:6d:bb:35:60	-84											
10	432.854	5184	0	70:f9:6d:bb:35:70	-72											
11	432.854	5476	0	70:f9:6d:bb:35:a0	-74											
12	432.854	2916	0	70:f9:6d:bb:35:e0	-54											
13	432.854	2401	0	70:f9:6d:bb:35:f0	-49											
14	432.854	7396	0	70:f9:6d:bc:7e:00	-86											
15	432.854	5929	0	70:f9:6d:c0:b2:80	-77											
16	432.854	4900	0	70:f9:6d:c0:b2:90	-70											
17	432.854	6241	0	70:f9:6d:c1:9a:10	-79											
18	432.854	6889	0	70:f9:6d:c3:13:e0	-83											
19	432.854	7225	0	72:7a:55:e7:28:78	-85											
20	432.854	4900	0	88:44:77:74:ff:5c	-70											
21	432.854	4356	0	92:a6:df:10:41:19	-66											
22	432.854	7225	0	a8:0c:ca:81:06:ed	-85											
23	432.854	6724	0	a8:0c:ca:81:07:cd	-82											
24	432.854	5929	0	ec:6c:9f:1e:5b:80	-77											
71	0	371.8655671073	0	24	432.854	9.7131965167	-40.490566788	0	0.000 	0.000 	0	12.5663706144	12.5663706144	0	1	0
1	438.89	5041	0	00:01:7a:76:e4:43	-71											
2	438.89	5776	0	00:01:7a:76:e4:44	-76											
3	438.89	6241	0	00:01:7a:76:e4:53	-79											
4	438.89	5776	0	00:01:7a:76:e4:54	-76											
5	438.89	4489	0	06:69:6c:84:7a:1d	-67											
6	438.89	6561	0	5c:dd:70:f8:8b:40	-81											
7	438.89	6561	0	70:f9:6d:ba:88:40	-81											
8	438.89	5184	0	70:f9:6d:bb:35:70	-72											
9	438.89	6084	0	70:f9:6d:bb:35:a0	-78											
10	438.89	4356	0	70:f9:6d:bb:35:e0	-66											
11	438.89	3364	0	70:f9:6d:bb:35:f0	-58											
12	438.89	7396	0	70:f9:6d:bc:7e:00	-86											
13	438.89	5929	0	70:f9:6d:c0:b2:80	-77											
14	438.89	6889	0	70:f9:6d:c0:b2:90	-83											
15	438.89	6241	0	70:f9:6d:c1:9a:10	-79											
16	438.89	7056	0	70:f9:6d:c3:13:e0	-84											
17	438.89	7225	0	72:7a:55:e7:28:78	-85											
18	438.89	6084	0	88:44:77:74:ff:5c	-78											
19	438.89	4761	0	92:a6:df:10:41:19	-69											
20	438.89	7225	0	a8:0c:ca:81:06:ed	-85											
21	438.89	6724	0	a8:0c:ca:81:07:cd	-82											
22	438.89	5929	0	ec:6c:9f:1e:5b:80	-77											
72	0	361.7899943337	0	22	438.89	9.7820511535	-34.0178370048	0	0.000 	0.000 	0	12.5663706144	12.5663706144	0	1	0
1	444.853	5329	0	00:01:7a:76:e4:43	-73											
2	444.853	4761	0	00:01:7a:76:e4:44	-69											
3	444.853	5929	0	00:01:7a:76:e4:53	-77											
4	444.853	6084	0	00:01:7a:76:e4:54	-78											
5	444.853	4489	0	06:69:6c:84:7a:1d	-67											
6	444.853	6561	0	5c:dd:70:f8:8b:40	-81											
7	444.853	6561	0	70:f9:6d:ba:88:40	-81											
8	444.853	6241	0	70:f9:6d:bb:35:a0	-79											
9	444.853	4225	0	70:f9:6d:bb:35:e0	-65											
10	444.853	3844	0	70:f9:6d:bb:35:f0	-62											
11	444.853	7396	0	70:f9:6d:bc:7e:00	-86											
12	444.853	5929	0	70:f9:6d:c0:af:50	-77											
13	444.853	5929	0	70:f9:6d:c0:b2:80	-77											
14	444.853	6889	0	70:f9:6d:c0:b2:90	-83											
15	444.853	6241	0	70:f9:6d:c1:9a:10	-79											
16	444.853	7056	0	70:f9:6d:c3:13:e0	-84											
17	444.853	6084	0	70:f9:6d:c3:13:f0	-78											
18	444.853	5476	0	70:f9:6d:c3:33:70	-74											
19	444.853	7225	0	72:7a:55:e7:28:78	-85											
20	444.853	6400	0	88:44:77:74:ff:5c	-80											
21	444.853	4761	0	92:a6:df:10:41:19	-69											
22	444.853	7225	0	a8:0c:ca:81:06:ed	-85											
23	444.853	6724	0	a8:0c:ca:81:07:cd	-82											
24	444.853	5929	0	ec:6c:9f:1e:5b:80	-77											
73	0	378.5340143237	0	24	444.853	10.0007217156	-27.4918135134	0	0.000 	0.000 	0	12.5663706144	12.5663706144	0	1	0
1	450.819	5329	0	00:01:7a:76:e4:43	-73											
2	450.819	4761	0	00:01:7a:76:e4:44	-69											
3	450.819	5929	0	00:01:7a:76:e4:53	-77											
4	450.819	6084	0	00:01:7a:76:e4:54	-78											
5	450.819	4489	0	06:69:6c:84:7a:1d	-67											
6	450.819	5625	0	0c:da:41:08:65:80	-75											
7	450.819	6724	0	0c:da:41:08:65:90	-82											
8	450.819	6561	0	5c:dd:70:f8:8b:40	-81											
9	450.819	6561	0	70:f9:6d:ba:88:40	-81											
10	450.819	6241	0	70:f9:6d:bb:35:a0	-79											
11	450.819	5625	0	70:f9:6d:bb:35:e0	-75											
12	450.819	4761	0	70:f9:6d:bb:35:f0	-69											
13	450.819	5929	0	70:f9:6d:c0:af:50	-77											
14	450.819	5929	0	70:f9:6d:c0:b2:80	-77											
15	450.819	6889	0	70:f9:6d:c0:b2:90	-83											
16	450.819	6241	0	70:f9:6d:c1:9a:10	-79											
17	450.819	7056	0	70:f9:6d:c3:13:e0	-84											
18	450.819	6084	0	70:f9:6d:c3:13:f0	-78											
19	450.819	5476	0	70:f9:6d:c3:33:70	-74											
20	450.819	7225	0	72:7a:55:e7:28:78	-85											
21	450.819	6400	0	88:44:77:74:ff:5c	-80											
22	450.819	4761	0	92:a6:df:10:41:19	-69											
23	450.819	7225	0	a8:0c:ca:81:06:ed	-85											
24	450.819	6724	0	a8:0c:ca:81:07:cd	-82											
25	450.819	5929	0	ec:6c:9f:1e:5b:80	-77											
74	0	388.0180408177	0	25	450.819	10.1091274197	-21.0182722981	0	0.000 	0.000 	0	12.5663706144	12.5663706144	0	1	0
1	453.9	5329	0	00:01:7a:76:e4:43	-73											
2	453.9	4761	0	00:01:7a:76:e4:44	-69											
3	453.9	5929	0	00:01:7a:76:e4:53	-77											
4	453.9	6084	0	00:01:7a:76:e4:54	-78											
5	453.9	4489	0	06:69:6c:84:7a:1d	-67											
6	453.9	5625	0	0c:da:41:08:65:80	-75											
7	453.9	4624	0	0c:da:41:08:65:90	-68											
8	453.9	6241	0	70:f9:6d:bb:35:a0	-79											
9	453.9	6084	0	70:f9:6d:bb:35:e0	-78											
10	453.9	5776	0	70:f9:6d:bb:35:f0	-76											
11	453.9	6241	0	70:f9:6d:c0:aa:30	-79											
12	453.9	5929	0	70:f9:6d:c0:af:50	-77											
13	453.9	7056	0	70:f9:6d:c0:b2:80	-84											
14	453.9	6889	0	70:f9:6d:c0:b2:90	-83											
15	453.9	7056	0	70:f9:6d:c3:13:e0	-84											
16	453.9	6084	0	70:f9:6d:c3:13:f0	-78											
17	453.9	5476	0	70:f9:6d:c3:33:70	-74											
18	453.9	6400	0	88:44:77:74:ff:5c	-80											
19	453.9	4761	0	92:a6:df:10:41:19	-69											
75	0	332.9174071748	0	19	453.9	10.099730664	-19.2395208089	0	0.000 	0.000 	0	12.5663706144	12.5663706144	0	1	0
																
																
						10.099781312	-19.2395112813									
						10.0378755367	-24.7162129538									
						9.9526076447	-28.2656076671									
						9.818215818	-35.3797727447									
						10.0257701031	-41.8711734485									
						10.0540549397	-49.904206005									
						10.099781265	-57.8002998935									
						7.1869277572	-57.9294549325									
						6.0325912888	-59.644690986									
						5.9787467216	-65.845278597									
						9.4340413603	-65.8769451068									
						15.2425149647	-65.7852910523									
						21.6974484436	-65.648210825									
						27.9845407053	-65.5122170366									
						34.3726810857	-65.4916428699									
						40.7033435912	-65.5727657197									
						47.2826862572	-65.701296821									
						54.0291566524	-65.6704886124									
						60.3541089318	-65.6218751167									
						67.9778295275	-65.8093524346									
						74.5094128748	-65.8881960165									
						80.8466289334	-65.8298629464									
						86.142524029	-58.0664657535									
						83.0336027976	-58.0361286788									
						77.5124330899	-58.0896765771									
						75.7339931271	-56.2766896156									
						75.7913439476	-49.6714035869									
						75.71897436	-43.2617708069									
						75.4626010227	-36.2939561849									
						75.5567202011	-29.5322318186									
						75.5241352149	-22.9995109624									
						75.7606502731	-18.3502985204									
						75.5967329989	-21.4447124398									
						75.6992600935	-28.3125826149									
						75.7604999398	-32.7488444377									
						70.5708186867	-32.796750347									
						63.4696153457	-32.7340419151									
						58.2997999658	-32.7488464992									
						60.8049519841	-32.6275818427									
						67.7258874245	-32.5172500057									
						74.5874973418	-32.7392691948									
						75.7936810935	-33.3682755536									
						75.983940431	-40.1848250738									
						75.6514402172	-46.783892314									
						75.8258169361	-53.0555145812									
						75.7604600716	-58.0664619531									
						79.2465807919	-58.1402961553									
						85.6130176243	-58.0999081078									
						86.1425041649	-58.066467786									
						86.1425041649	-58.066467786									
						86.2161384621	-63.5954471801									
						86.1425055527	-65.8452333242									
						82.3959804305	-65.8936742934									
						75.3964711398	-65.699626174									
						69.0351604116	-65.6911794897									
						66.6408457212	-65.6948624325									
						61.3989007675	-65.5723042639									
						54.5691503865	-65.6760672694									
						38.8848145438	-65.6140220952									
						32.5043334472	-65.7437504329									
						26.6437861031	-65.4170888279									
						20.121155562	-65.7117327725									
						13.6406142617	-65.6057045497									
						7.1460295095	-65.7975231924									
						5.9473837879	-64.209579755									
						5.9396940264	-58.4121023863									
						7.1005092366	-57.8368882448									
						10.0997717773	-57.8003096454									
						9.9958770847	-54.5562620675									
						9.7325468253	-47.1580252147									
						9.7131965167	-40.490566788									
						9.7820511535	-34.0178370048									
						10.0007217156	-27.4918135134									
						10.1091274197	-21.0182722981									
						10.099730664	-19.2395208089									

